749943 [9,8,10,5,6,3,4,2,7,1]
750480 [4,3,9,8,1,6,7,5,11,2,10]
1466988 [8,9,12,1,10,6,13,2,14,16,11,15,7,3,5,4]
2262567 [31,33,2,18,15,1,5,16,23,27,7,6,12,32,25,35,11,28,17,8,3,21,29,24,13,14,26,9,37,19,10,4,30,34,22,36,20]
2351656 [8,9,7,3,1,2,5,4,6]
2534247 [9,3,1,6,4,2,5,8,7]
2570123 [9,2,8,3,1,4,5,6,7]
2581170 [4,6,5,2,7,1,8,3]
2611706 [5,2,4,3,7,6,1,8]
2747599 [7,8,3,6,1,2,4,5]
2843035 [5,2,6,1,4,3]
2859815 [2,1,4,5,3]
3230871 [2,4,3,1,5]
4478064 [4,1,6,5,3,2]
4516543 [10,1,3,7,6,8,5,2,4,9]
4656441 [9,2,5,6,4,7,8,1,3]
4683178 [7,4,8,1,6,5,2,9,3]
4724264 [1,4,5,6,2,8,3,9,7]
4744055 [4,8,12,1,10,15,13,16,11,3,7,9,14,6,2,17,5]
5170910 [10,7,1,6,9,13,4,8,3,5,2,11,12]
5187029 [2,3,11,6,8,4,10,1,5,9,7]
5189351 [5,6,3,4,1,2]
5257540 [13,11,4,2,6,10,9,8,7,5,12,1,3]
5260821 [1,4,2,7,3,5,6]
5403439 [10,30,38,24,22,46,39,3,43,13,42,28,16,40,35,2,25,32,11,9,29,19,41,12,37,27,33,34,47,23,18,8,15,17,20,44,1,14,21,31,26,36,6,4,7,5,45]
5618500 [3,4,5,1,2]
5644612 [3,11,1,10,8,12,7,9,2,5,6,4]
5647211 [2,9,18,32,33,10,1,27,5,13,35,34,4,3,7,15,11,6,37,17,36,22,24,28,14,26,20,8,31,12,40,21,16,29,23,30,39,38,19,25]
6014401 [5,2,8,10,9,3,6,1,4,7]
6222025 [8,7,4,1,5,6,2,3]
6353820 [7,9,5,4,18,13,2,8,6,11,19,1,12,16,15,10,14,17,3]
6569028 [6,18,17,10,1,8,19,3,11,20,9,14,13,2,16,12,4,15,7,5]
6646375 [9,10,4,6,8,11,5,2,7,3,1]
6721084 [6,9,5,12,7,1,4,2,10,11,3,8]
6725661 [3,4,5,1,2]
6727597 [3,4,2,5,1]
7010474 [5,4,2,3,1]
7046707 [3,5,2,6,1,4,7]
7061610 [5,1,2,4,3]
7089034 [5,7,6,4,8,3,1,2]
7607639 [1,4,2,5,3]
7620755 [3,1,5,4,2]
7641626 [12,5,10,14,13,11,2,8,4,15,6,3,1,9,7]
7645170 [15,1,4,7,14,22,10,21,23,13,9,6,27,3,17,18,16,12,25,5,19,2,8,24,20,11,26]
7791134 [1,2,3,4,5]
8331151 [1,6,3,4,5,2]
8386623 [2,10,1,12,9,8,5,3,4,7,6,11]
8399533 [3,1,6,7,4,2,5]
8427120 [20,15,5,19,3,8,6,4,1,16,13,11,17,12,2,18,9,14,10,7]
8449132 [9,7,5,2,6,1,8,3,4,10]
8464913 [17,20,1,2,12,3,24,4,9,5,21,18,14,10,19,16,7,11,8,23,6,22,15,25,13]
8545756 [1,2,5,6,4,3]
8551732 [6,3,1,12,5,7,14,10,13,9,4,11,8,2]
8603511 [6,5,2,3,9,1,7,4,8]
8611278 [10,7,8,3,1,12,6,11,9,5,13,14,2,4]
8630815 [3,2,1,5,4]
8727579 [5,4,1,6,3,2]
10176979 [2,7,9,3,8,4,6,1,5]
10185738 [4,19,14,20,29,6,26,10,23,11,30,16,28,2,13,9,12,3,27,7,1,8,15,24,22,25,5,18,21,17]
10188938 [2,6,8,3,1,7,5,4]
10189483 [5,2,1,7,6,4,8,3]
10210300 [1,3,2,4,6,5]
10218346 [5,6,1,4,8,2,9,7,3]
10392971 [3,1,5,2,4]
10402855 [5,7,6,4,3,1,2]
10404832 [3,1,4,2,5]
10719755 [8,3,5,2,1,6,7,4]
11973055 [7,8,15,6,16,10,11,13,9,18,12,2,17,5,4,3,14,1]
12021420 [6,4,2,3,1,5,7]
14317674 [1,5,4,2,6,3]
15377629 [5,2,12,6,10,13,1,8,3,7,4,9,11]
15675480 [24,29,6,4,1,20,31,32,8,25,10,2,33,16,13,21,18,34,9,28,19,17,30,15,5,14,26,23,27,22,12,7,11,3]
15729552 [1,4,5,6,2,3]
15776221 [11,4,7,3,5,9,6,1,2,10,8]
15881330 [3,4,1,6,5,2]
16242094 [6,13,1,12,7,2,4,8,14,5,9,10,11,3]
16317872 [5,3,1,2,4,7,6]
16553686 [3,7,9,13,11,1,10,5,4,12,8,6,2]
16589149 [4,1,2,5,3,6]
17257487 [11,5,1,3,12,9,8,4,15,10,6,7,13,14,2,16]
17872336 [4,2,6,1,5,3]
18136977 [6,11,15,13,5,14,4,7,9,1,8,10,3,2,12]
18378840 [12,18,4,3,17,10,1,19,8,11,9,5,15,20,13,14,6,7,2,16]
18646164 [5,4,1,17,12,11,7,8,13,15,6,9,18,16,10,3,2,14]
18688129 [3,1,5,6,2,4]
19178880 [3,2,4,1,5]
19660001 [5,2,9,11,8,4,10,3,6,7,1]
20156506 [18,9,11,3,15,20,4,5,16,17,7,21,13,1,2,8,14,12,19,6,10]
20197811 [1,3,5,6,2,7,4]
20414370 [5,1,7,2,4,3,6]
21026411 [11,6,8,3,10,2,9,4,7,1,5]
21603071 [4,5,3,1,2]
22138493 [7,11,6,12,8,4,5,3,1,9,10,2]
22318858 [25,4,10,28,5,29,21,11,12,8,22,27,3,24,7,1,18,2,23,13,6,17,15,9,19,26,20,16,14]
22428286 [7,6,1,2,8,4,3,5,9]
22455504 [10,11,16,32,17,34,29,19,30,5,14,15,3,23,9,8,20,22,13,2,18,7,33,25,4,1,6,26,12,31,27,28,21,24]
22466777 [6,3,4,1,5,2]
22468286 [2,5,6,4,9,3,1,8,7]
22574062 [15,6,8,5,3,1,11,2,10,7,4,9,14,13,12]
22612089 [3,8,7,4,6,9,10,1,2,5]
23138754 [8,5,2,7,6,3,4,1]
23152567 [3,5,2,1,4]
23520692 [2,1,3,7,4,5,6]
23537334 [6,8,2,3,7,9,5,1,4]
23545704 [2,5,14,10,7,15,3,12,1,18,20,6,13,8,11,16,4,19,9,17]
24097960 [2,8,7,6,3,4,5,1]
24113453 [6,9,8,7,11,4,2,1,3,10,5]
24113792 [1,3,4,2,5]
24128073 [5,26,27,25,28,37,17,9,14,22,11,30,21,35,13,31,4,1,29,39,33,34,24,2,23,16,8,38,15,19,36,7,18,32,3,6,20,10,12]
24146441 [4,2,3,6,1,5]
24278099 [20,10,2,23,3,18,14,12,22,9,13,5,7,17,11,19,25,6,16,4,1,15,8,21,24]
24522824 [11,10,5,8,6,12,2,9,7,4,1,3]
24807880 [4,7,5,1,3,2,6]
25153996 [6,2,8,7,3,1,4,5]
25601215 [34,43,9,33,16,39,14,21,19,13,17,23,1,7,32,40,30,38,5,22,27,3,26,6,35,37,44,2,41,42,8,11,15,36,31,24,18,29,28,10,25,12,20,4]
26245780 [2,5,7,1,4,3,6]
26347465 [6,2,3,5,4,1]
26394561 [11,4,15,7,12,5,14,1,6,2,8,9,3,13,10]
26395066 [6,20,13,12,7,1,10,11,8,22,14,18,25,9,23,19,4,2,16,24,17,21,15,3,5]
26428895 [7,5,4,6,9,2,8,3,1]
26491374 [5,4,1,3,2]
26752406 [9,2,4,7,1,5,6,8,10,3]
26838389 [4,7,11,5,3,1,10,8,2,6,9,12]
26856453 [2,6,7,9,4,3,1,5,8]
26865641 [15,6,4,20,28,26,18,2,16,3,31,8,11,5,21,9,12,22,30,25,14,17,27,24,29,13,19,10,23,1,7]
26943901 [4,6,5,7,1,8,3,2]
27368683 [9,13,6,2,12,11,5,8,10,3,7,4,1]
27373182 [8,1,4,5,2,9,6,3,7]
27395498 [3,4,2,1,5]
27400716 [2,3,1,6,4,5]
27405754 [3,2,5,1,4]
27654760 [23,31,18,35,19,3,38,13,6,22,34,43,42,44,11,12,32,41,45,33,4,8,9,39,28,29,27,21,17,47,1,36,14,30,37,48,25,46,10,40,16,7,5,15,20,24,2,26]
27697205 [2,10,1,5,9,3,6,7,8,4]
28490010 [3,1,6,7,4,2,5,8]
28521760 [7,1,8,3,4,6,2,5]
28524491 [11,4,13,14,6,3,1,5,9,2,15,8,12,7,10]
28605291 [2,1,5,4,3]
28652598 [3,5,7,1,8,6,2,4]
28776273 [5,10,14,12,2,9,13,11,1,3,6,15,8,7,4]
28959108 [5,3,2,7,9,4,6,1,8]
28992719 [2,6,9,4,5,7,12,13,8,1,11,10,3]
29009355 [1,5,3,2,4,6,7,8]
30013730 [27,13,21,19,1,8,18,2,12,17,7,16,3,11,9,4,23,15,22,6,5,10,26,24,20,25,14]
30023071 [12,6,1,2,14,7,13,5,3,4,8,10,11,9]
30731887 [1,5,4,2,3]
30912412 [4,7,5,3,2,1,6,8]
30961807 [3,2,6,1,5,4]
30973714 [6,5,4,1,3,2]
30978084 [2,7,9,3,8,4,1,5,6]
31077270 [3,2,6,1,5,4]
31214127 [3,7,5,4,2,6,1]
31476704 [10,16,2,12,6,15,4,3,11,13,18,5,14,7,1,8,17,9]
32520698 [2,1,5,3,4]
32536740 [7,12,3,11,5,6,2,4,13,8,14,10,1,15,9]
33573691 [20,23,18,19,4,3,15,11,21,17,2,1,8,10,6,5,7,16,12,22,13,9,14,24,25]
34233694 [3,1,4,2,5]
35095320 [5,1,4,2,3]
35097544 [3,1,2,23,13,21,22,8,15,11,4,17,7,9,18,16,14,6,10,19,5,12,20]
35100727 [6,5,7,1,2,4,3]
35189276 [17,33,37,32,29,36,35,26,39,10,9,22,18,21,6,38,28,19,25,2,41,14,11,4,20,3,30,40,16,23,44,1,7,13,12,5,15,42,8,31,43,34,27,24]
35590731 [8,1,9,6,2,10,3,7,4,5]
35921106 [2,5,1,3,4]
36135981 [5,1,6,2,3,4]
36143018 [6,5,3,12,10,4,1,8,2,14,7,9,13,11]
36486902 [1,5,6,2,8,7,10,3,4,9]
36491321 [8,5,3,2,4,6,1,7]
37127770 [4,16,1,8,14,3,6,10,13,15,5,11,9,2,12,7]
37130700 [10,2,4,1,6,5,11,12,3,8,9,7]
37145932 [18,12,27,37,16,5,22,21,9,11,14,19,38,35,8,34,20,6,26,3,29,30,32,33,7,13,15,10,28,23,17,2,25,4,31,1,24,36]
37145940 [3,6,21,14,5,15,10,13,18,8,16,12,1,17,4,9,20,19,11,7,2]
38152866 [8,9,7,2,3,6,5,4,11,10,1]
38192861 [21,26,12,14,1,10,5,22,30,9,31,4,3,2,25,16,24,33,13,19,20,8,11,6,32,29,15,17,27,18,7,28,23]
38201351 [6,1,7,5,3,2,4]
38948201 [12,9,6,8,11,2,4,7,5,3,10,13,14,1]
39539258 [1,2,5,4,3]
39838700 [7,2,3,6,4,5,9,8,1,10]
40319876 [5,4,1,2,7,8,6,3]
40417730 [1,3,7,4,5,2,9,8,6]
40632721 [2,6,4,5,3,1]
40693340 [7,3,8,4,1,5,6,2]
41107188 [16,24,1,15,9,14,22,17,12,11,21,7,4,8,20,10,3,5,13,2,19,18,23,6]
41173482 [5,1,8,7,4,6,9,2,3]
41197767 [10,4,9,8,5,6,3,1,2,7]
41305217 [3,1,4,2,6,8,5,9,7]
41567643 [5,2,4,3,1]
41932717 [10,1,13,7,6,5,16,9,15,2,4,8,3,11,14,12]
41976693 [12,1,13,2,6,9,11,8,10,5,3,4,7]
42276476 [4,7,3,5,1,2,6,8]
42301183 [1,7,4,5,3,6,2]
42683531 [2,6,3,1,4,7,8,5]
42728604 [9,6,3,10,8,1,7,4,5,2]
42774274 [8,5,2,6,3,7,9,4,10,1]
42782561 [6,25,13,26,24,18,19,17,15,14,1,5,22,2,8,4,27,10,11,16,12,9,23,20,21,3,7]
43495335 [36,19,40,26,4,39,30,14,44,7,1,20,21,32,16,31,10,12,24,3,38,42,28,6,18,33,45,34,11,13,43,8,27,9,29,17,2,23,35,25,5,37,22,15,41]
43530995 [13,9,1,22,21,23,14,18,24,2,15,3,4,6,16,7,17,5,10,11,12,20,19,8]
43536419 [11,13,4,8,14,1,5,7,12,10,15,9,6,3,2]
43544883 [4,6,7,5,3,1,2,8]
43633755 [2,20,4,12,9,5,15,7,17,3,23,24,14,13,19,22,10,16,1,11,21,8,18,6]
43870745 [3,9,1,4,5,2,7,8,6]
43997817 [5,6,7,9,10,2,14,13,4,8,3,11,1,12]
44507954 [4,5,1,3,2]
44865498 [4,2,3,5,1]
45089163 [5,2,4,3,1]
46039622 [6,4,3,1,5,2,7,8]
46041604 [6,1,4,2,7,3,8,5,10,9]
46091133 [2,6,5,1,8,12,11,4,7,10,13,3,9]
46091240 [5,11,8,1,4,3,6,9,10,2,7]
46139362 [27,14,9,31,10,6,8,17,11,26,2,28,22,19,29,12,13,7,25,18,3,1,23,15,21,20,4,16,30,5,24]
46734202 [2,5,4,6,7,1,3]
46930782 [7,13,5,12,2,11,3,14,18,1,15,9,6,4,17,8,10,16]
47064541 [4,2,1,5,7,6,3]
47083166 [1,2,4,7,5,8,9,6,3]
47099144 [13,12,5,2,8,6,4,3,7,14,10,1,15,11,9]
47104977 [7,1,2,3,5,6,4]
47426780 [11,14,1,9,7,2,12,4,10,5,3,8,13,6,15]
47483544 [7,10,2,3,12,6,11,5,8,1,4,9]
47893326 [4,5,3,2,1]
48020253 [5,4,2,7,1,3,6]
48094622 [3,1,5,2,4,6]
48305741 [1,4,2,5,3]
48880152 [8,6,7,15,4,13,11,10,5,14,12,3,16,1,2,9]
49152882 [1,11,20,8,9,17,22,13,7,5,6,3,2,16,15,19,18,4,12,21,14,10]
50219550 [6,3,4,1,2,5]
50305666 [1,10,5,2,3,9,7,6,8,4]
50320981 [3,2,4,5,1]
50321120 [22,3,5,1,20,7,6,15,14,8,2,9,16,19,17,23,10,18,11,4,21,12,13]
51193155 [2,3,1,4,5]
51198252 [39,10,28,41,49,31,19,54,34,30,22,29,61,37,15,33,4,2,50,58,17,48,55,63,12,16,8,56,43,52,20,5,18,46,51,38,26,47,45,1,25,24,27,6,60,9,35,44,57,62,11,13,14,59,42,32,23,40,36,3,53,7,21]
51380866 [9,6,12,3,10,2,11,5,4,1,8,7]
53002582 [4,3,1,5,2]
54350105 [7,16,13,6,4,14,20,5,9,3,12,19,18,2,11,10,15,1,17,8]
54877389 [2,12,1,10,13,5,6,7,8,9,11,4,3]
54902386 [1,8,6,4,5,3,2,7]
55263832 [5,3,6,1,4,2]
55306253 [1,5,2,3,4,6,7]
55317229 [8,5,7,2,6,4,1,11,3,10,9]
55757966 [4,9,13,10,5,11,12,16,7,19,8,2,17,15,14,3,6,18,1]
56329766 [3,5,7,9,2,10,1,8,6,4]
56332431 [2,5,4,3,1]
56498442 [5,1,3,2,4]
56896318 [2,5,4,1,3]
57287781 [8,5,2,10,11,1,6,7,3,9,4]
57330017 [3,4,1,5,6,2]
57751988 [15,10,12,13,2,9,7,4,1,3,14,11,8,5,6]
58352557 [2,3,5,4,1]
58354256 [3,6,5,2,4,1]
58384384 [3,1,7,9,4,5,8,2,6]
58667506 [2,15,4,12,1,3,14,10,6,8,17,5,18,7,13,16,9,11]
59702139 [1,4,9,7,8,5,6,3,2]
60800576 [5,7,1,8,2,3,4,6]
60862481 [3,1,15,12,16,9,19,6,2,11,13,5,4,7,8,18,10,17,14]
61091827 [22,21,24,11,17,18,13,12,5,8,16,3,14,25,23,6,1,9,15,27,4,7,26,10,19,20,2]
61141878 [6,8,2,9,5,7,3,1,4]
62314465 [4,5,2,3,1]
62707301 [5,12,8,10,11,9,6,1,2,7,3,4]
62755016 [3,1,2,4,5,6]
62778243 [6,5,1,2,4,3]
63710038 [1,5,3,2,6,4]
64249760 [4,5,1,2,3]
64583909 [1,2,6,3,4,5]
64614276 [7,5,1,2,9,3,4,8,6]
64817003 [5,4,2,3,1]
64882082 [35,1,16,41,24,30,19,25,6,17,14,13,45,7,43,22,21,8,37,4,40,32,11,31,23,3,9,5,36,10,15,26,38,39,34,2,33,27,12,29,44,20,28,18,42]
65120398 [4,1,2,5,3]
65621492 [2,1,4,6,5,7,3]
66479957 [5,1,3,4,2]
66522119 [4,1,3,5,2]
66581229 [1,2,4,5,3,6]
66590721 [5,1,3,4,6,7,8,9,2]
66817947 [3,5,1,6,2,4]
66824574 [11,3,4,1,2,7,8,10,9,6,5]
66864014 [11,2,8,20,18,14,7,1,22,19,24,17,3,23,16,12,9,15,21,10,13,4,5,6]
66865272 [5,6,7,8,4,2,3,1]
66873097 [3,5,1,2,4]
67133807 [4,2,1,3,6,5]
67170517 [8,19,3,18,1,9,15,11,7,2,6,14,13,12,10,5,4,16,17]
68062495 [4,8,10,5,1,2,9,6,7,3]
68227717 [2,4,3,1,7,6,5]
68588696 [8,4,6,1,2,7,5,3]
68588702 [1,4,2,5,3]
68589498 [16,12,3,23,1,11,6,15,7,18,9,13,2,20,5,21,10,22,8,19,14,17,4]
68595809 [1,4,3,5,2]
68650758 [3,2,5,6,1,4]
68705793 [2,4,5,1,3]
68707031 [4,3,2,5,1]
68707978 [5,4,1,2,3]
68752441 [11,34,12,7,2,36,14,33,25,32,3,26,19,20,16,5,29,31,1,24,28,30,17,35,22,8,13,21,15,9,18,10,27,23,4,6]
68759832 [13,1,3,16,10,12,4,7,15,2,11,14,8,9,5,18,17,6]
69155726 [4,1,14,8,9,6,10,13,11,2,5,7,3,12]
69742338 [3,5,2,6,1,4]
69788845 [5,2,4,1,3,7,6]
70039921 [9,2,13,11,17,6,1,8,15,5,4,14,7,3,10,16,12]
70066053 [4,6,3,2,1,5]
70306030 [8,7,3,5,6,2,4,1]
70352499 [5,4,3,2,1]
70663581 [25,28,6,12,17,14,18,16,24,5,15,2,29,11,27,21,7,22,3,9,19,13,1,20,23,4,30,8,10,26]
70663861 [26,3,7,27,4,20,24,18,31,8,22,30,12,28,29,16,1,19,25,13,5,6,2,14,11,23,9,21,10,17,15]
70935699 [1,5,10,6,9,7,8,2,4,3]
70944203 [6,4,7,2,5,3,1,8]
71187556 [3,10,1,5,7,9,2,4,8,6]
72274016 [5,6,2,1,13,16,14,11,9,15,10,8,3,4,12,7]
72281099 [5,1,4,3,6,2]
72391859 [11,19,16,12,22,4,17,18,1,2,24,25,20,23,5,3,26,21,15,27,9,7,14,10,13,8,6]
72685212 [7,4,2,6,8,9,10,1,3,5,11]
72902867 [2,6,4,1,5,7,3]
73091862 [11,10,4,6,12,7,3,5,2,1,9,8]
73133591 [5,3,4,1,2]
73286685 [3,4,1,5,2]
73601758 [6,4,10,2,9,1,3,7,8,5]
74331372 [12,6,5,4,9,16,17,3,8,14,11,15,2,10,7,1,13]
74333041 [9,10,3,6,5,1,2,13,12,7,4,8,11]
74502360 [3,2,4,5,1]
75435940 [1,6,8,3,9,5,10,4,7,2]
75450638 [4,5,3,2,1]
75456177 [7,12,10,9,6,3,1,2,8,5,11,13,4]
75591534 [4,3,5,2,1]
76024443 [4,16,12,9,7,13,15,10,6,5,8,1,2,11,14,3]
76024445 [1,3,4,6,5,2]
76143307 [12,9,14,7,5,8,6,11,4,3,1,10,2,13]
76776905 [2,4,1,9,5,3,8,6,7]
76953719 [3,7,6,5,9,2,1,4,8,10,12,11,13]
76961672 [14,10,21,15,20,4,22,3,8,7,16,12,19,17,9,5,11,23,6,13,2,1,18]
77365495 [3,11,16,28,23,31,15,21,17,9,13,7,4,6,2,18,8,20,14,22,24,27,25,12,32,29,5,26,10,19,1,30]
77372617 [5,4,6,3,2,1]
77471189 [8,2,11,9,4,6,7,3,10,5,1]
77565658 [2,5,1,9,7,8,4,3,6]
78530445 [2,3,1,6,4,5]
78825266 [3,6,4,5,1,2]
79461014 [8,5,4,1,9,6,2,7,3]
79483849 [13,5,16,1,12,6,3,14,2,7,15,9,17,8,4,10,11]
79501647 [12,15,17,6,19,7,9,21,3,14,11,13,8,1,2,5,10,4,20,16,18]
80574325 [1,5,3,4,2]
80584392 [4,1,2,5,3]
81179459 [9,1,6,8,7,2,11,5,4,10,3]
82235766 [1,3,6,2,5,4]
82328895 [2,3,4,1,5]
82389195 [5,4,3,1,2,6]
82576045 [1,6,2,5,4,9,10,13,12,8,7,11,3]
83222856 [2,7,1,3,5,8,4,6]
83706828 [5,3,2,4,1,6,7]
84316362 [2,12,9,1,10,18,8,3,4,6,15,5,14,13,19,7,16,11,17]
84568460 [14,19,22,15,1,4,5,8,18,6,7,24,11,17,13,10,3,12,16,20,21,23,2,9]
84576268 [2,11,6,5,1,4,8,7,9,10,3]
84692481 [6,8,7,5,3,1,4,9,2,10]
85110924 [6,16,9,21,5,10,3,15,12,2,8,13,11,20,7,4,18,14,1,17,19]
85169489 [10,2,4,16,9,13,12,6,15,3,14,7,17,11,8,1,5]
85262348 [3,5,2,4,1]
85583929 [5,2,1,4,3]
85632446 [23,21,22,10,2,18,9,14,13,16,15,1,4,3,17,11,20,6,5,8,12,7,19]
86086265 [8,5,2,6,7,3,4,1]
86483742 [8,6,3,10,12,4,11,7,2,9,1,5]
86735554 [1,7,6,2,5,3,4]
86954744 [3,10,7,1,6,4,9,8,2,5]
87101541 [4,1,7,11,9,14,8,21,10,17,2,18,12,3,16,20,5,6,15,19,13]
88926627 [1,15,18,9,19,4,2,6,7,16,22,21,24,17,20,12,23,14,11,8,3,25,10,5,13]
89076625 [15,3,14,13,10,4,7,1,9,12,16,5,2,8,6,11]
89092360 [35,11,38,29,3,7,24,41,18,15,42,32,30,43,5,10,45,26,13,21,6,44,31,25,27,39,36,4,28,37,20,34,1,12,19,2,16,23,40,9,22,33,17,8,14]
89094545 [23,1,24,32,20,2,13,12,21,7,10,18,4,22,19,34,30,9,14,3,28,31,5,8,33,17,16,15,29,6,35,25,11,26,27]
90061463 [5,3,2,6,1,8,4,7]
90091065 [2,8,6,5,1,9,7,4,3]
90106979 [3,5,1,2,4]
90384402 [10,7,16,3,17,5,12,8,1,14,9,2,15,6,4,13,11]
90546766 [4,1,2,5,3]
90580359 [4,2,3,1,5]
90854236 [5,10,1,9,2,8,6,3,7,4]
91085181 [7,3,6,4,5,2,1]
91621940 [7,3,1,2,6,4,5]
92051388 [9,7,5,3,1,10,2,14,15,13,11,8,12,6,16,4]
92064351 [6,7,12,1,13,10,5,3,8,2,4,11,9]
92419789 [14,1,4,7,15,11,16,2,6,9,3,13,8,5,12,10]
92436188 [5,9,12,21,7,3,16,14,10,1,2,8,11,19,13,17,20,18,15,6,4]
92963250 [2,7,5,4,1,6,3]
93118703 [4,42,8,39,3,27,30,37,23,33,26,32,28,21,38,25,29,45,2,15,35,36,24,41,43,22,7,18,47,6,20,44,5,13,14,48,11,12,16,46,19,34,31,9,1,17,10,40]
93118713 [13,14,12,2,5,7,9,10,6,11,8,1,4,3]
93338776 [8,5,6,7,4,3,1,2]
93967549 [6,9,4,2,3,5,1,7,8]
93984630 [5,4,1,2,3]
94039233 [4,6,2,8,1,3,7,5,9]
94051801 [1,2,3,4,7,8,9,5,6,10]
94380730 [1,2,5,4,6,3,7]
94704345 [3,4,2,5,1]
94713204 [7,9,2,1,8,4,6,5,3]
94954829 [1,3,5,2,4]
95775505 [3,5,6,2,1,4]
96034012 [3,9,4,6,11,13,5,2,12,15,1,8,14,7,10]
96070127 [3,11,4,1,8,6,5,10,9,2,7]
96889882 [5,16,9,2,10,13,1,7,11,8,3,6,14,15,4,12]
97112955 [1,15,17,4,10,7,12,6,9,5,14,18,2,13,11,3,8,16]
97600530 [5,3,2,6,7,4,1]
97683395 [4,2,5,1,3]
97990040 [2,1,3,5,4]
98070172 [2,5,1,4,3]
98106290 [1,4,2,5,3,6]
98106573 [6,3,7,1,5,2,4]
98160018 [2,7,10,9,17,11,14,13,1,16,3,15,8,4,6,12,5]
98378559 [5,9,2,4,8,3,6,7,1]
98415740 [4,2,1,3,6,5]
98422308 [11,13,12,8,9,2,1,4,7,14,15,5,3,10,6]
98465292 [4,3,2,1,5]
98497764 [3,4,5,1,6,2]
98920012 [5,3,1,4,2]
99002103 [5,7,4,3,1,6,2]
99069485 [8,7,5,4,3,2,1,10,9,11,12,14,6,13]
99433684 [11,7,5,9,4,8,6,10,3,2,1]
99582757 [5,6,2,3,4,1]
100112466 [15,6,10,7,2,11,8,1,16,4,13,5,12,3,9,14]
100282267 [58,13,23,36,46,44,10,54,38,25,14,45,47,31,11,55,5,12,18,6,32,48,19,40,56,33,24,16,1,43,26,22,8,15,52,41,37,35,3,30,51,28,34,4,17,20,2,57,59,53,29,39,42,27,49,7,50,9,21]
100302071 [1,2,5,4,3,9,8,6,7]
100345410 [4,2,5,9,6,7,8,1,3]
100368503 [18,39,29,31,32,23,35,15,10,13,16,38,17,24,7,11,12,8,20,26,33,34,3,5,4,28,14,19,1,25,30,21,37,2,22,36,9,6,27]
100411013 [5,4,3,7,6,2,1]
100694587 [7,14,19,8,16,18,5,10,1,11,20,2,15,9,12,13,3,17,4,6]
100743776 [3,7,4,8,2,5,1,9,6]
100765552 [1,5,3,4,2]
100865947 [1,5,2,6,10,9,3,8,11,12,4,7,13]
100997247 [4,5,2,3,1]
101071684 [5,7,6,2,9,3,4,8,1]
101078229 [2,7,3,1,6,4,8,5]
101107445 [1,2,3,4,5]
101512877 [4,2,5,1,3]
101541997 [3,2,6,4,9,5,1,10,8,7]
101640620 [5,2,8,11,1,10,7,6,9,4,3]
101660005 [7,12,5,2,8,1,3,11,4,10,6,9]
101663550 [4,2,3,1,5]
101749230 [1,2,4,5,3]
101819511 [3,5,6,1,4,7,2]
101887722 [12,26,16,23,18,6,2,5,30,20,10,17,28,15,19,8,11,3,27,22,13,7,14,9,24,25,29,21,4,1]
101976735 [4,1,3,5,2]
102441617 [2,1,4,5,3,6]
102487684 [4,5,1,7,6,8,3,2]
102493610 [4,2,7,6,3,1,5]
103850722 [1,2,3,4,7,10,6,9,8,5]
104219119 [14,10,8,9,11,7,13,6,2,4,12,1,3,5,15]
104978176 [2,6,5,11,7,18,3,17,1,8,4,13,14,10,15,9,12,16]
105276826 [3,7,2,5,9,1,8,4,6]
106042149 [8,6,5,7,1,4,3,2]
106692320 [6,7,5,2,4,1,3]
106706078 [2,1,4,5,7,6,3]
107573905 [2,5,1,3,4]
107864862 [1,4,2,3,5]
107876427 [11,3,8,4,13,5,1,12,14,7,10,2,6,9]
107879667 [5,4,10,7,1,3,8,9,6,2]
108526860 [9,12,19,14,16,13,10,18,2,11,5,7,17,15,4,8,3,6,1]
108533305 [7,12,15,13,14,9,8,5,2,4,11,6,10,1,16,3]
108548296 [1,7,5,6,3,4,2]
108784466 [9,2,7,3,12,11,5,1,4,10,8,6]
109039435 [4,2,3,1,5]
109066836 [1,5,4,3,2]
109142592 [5,3,2,4,9,8,6,7,1,10]
109883417 [1,3,2,6,5,4]
110107330 [2,3,1,5,4,6]
110129818 [1,3,4,8,10,9,2,6,5,7]
110638888 [5,3,4,2,1]
110706627 [7,12,15,9,3,2,6,13,11,1,8,4,14,10,5]
111050222 [5,1,2,4,3,8,7,6]
111085436 [8,3,7,4,2,5,6,9,1]
112320659 [4,6,2,3,1,5]
112331228 [11,6,13,17,16,2,4,14,3,12,7,15,1,9,18,10,5,8]
112578305 [1,5,3,2,4]
112633033 [10,2,16,15,6,19,21,5,12,9,17,11,7,13,18,8,14,3,1,20,4]
112730057 [3,4,9,1,8,6,2,12,10,5,7,11]
112898694 [2,3,7,1,4,6,5]
113006569 [4,5,7,8,6,3,1,2]
113007797 [2,9,5,8,1,4,6,3,7]
113023521 [4,5,1,7,8,9,6,2,3]
113063159 [2,17,1,8,16,9,7,13,11,5,10,12,4,6,19,18,3,14,15]
113802153 [8,3,1,7,4,5,2,6,9]
114514498 [5,4,10,6,9,8,2,7,1,3]
114999420 [3,4,2,6,7,1,5]
115758657 [8,12,19,15,4,13,11,1,9,14,2,20,18,5,6,7,10,3,17,16]
116048395 [1,5,4,2,3]
116413637 [12,24,2,6,18,8,4,5,13,7,17,20,25,9,16,10,23,1,26,15,22,14,3,21,19,27,11]
116413809 [2,1,7,4,3,5,6]
116549487 [2,7,10,6,4,11,9,8,5,3,12,13,1]
116674327 [15,7,24,8,4,9,2,18,25,14,23,10,17,21,28,3,16,6,13,27,1,5,12,11,26,20,22,19]
116969323 [12,4,3,6,13,8,10,1,9,11,2,7,5]
116985559 [5,6,4,3,1,8,7,2]
117552967 [12,5,10,7,2,8,9,1,3,6,4,11]
117568001 [6,1,3,2,4,5]
118635983 [4,2,3,1,6,5]
118948699 [4,2,1,5,7,3,6]
119537594 [1,3,11,9,12,8,7,13,5,2,10,14,4,6]
119538527 [7,5,2,6,3,1,4]
120369722 [6,9,5,4,2,8,1,7,3]
120514937 [5,3,4,1,2]
121985228 [7,3,2,1,4,5,6]
122350923 [4,1,5,3,6,7,2]
122481132 [3,15,7,8,1,12,16,17,13,4,14,5,9,10,2,6,11]
122634702 [5,1,3,6,2,4]
122877321 [4,2,3,5,1]
122954510 [5,2,1,8,7,3,6,4]
123362778 [4,5,1,3,2,6]
123526191 [1,5,9,2,3,4,8,6,7]
123556483 [3,6,11,12,13,9,2,8,7,10,4,5,1]
123599114 [6,5,4,1,7,2,3]
123852173 [2,5,4,6,3,1]
124020855 [5,4,2,6,1,3]
124025686 [2,19,12,3,1,20,9,17,16,23,18,8,11,5,7,13,14,10,24,6,4,22,15,21]
124029122 [39,37,27,17,23,20,28,12,6,5,3,10,31,21,42,43,24,18,25,40,41,1,11,14,26,36,34,19,29,13,30,9,38,16,2,15,4,32,33,7,22,8,35]
124034920 [4,1,6,2,3,5]
124034926 [1,6,13,2,3,9,10,8,7,11,12,5,4]
124540566 [3,4,1,5,2]
124594202 [19,20,25,34,22,31,28,23,13,30,5,17,29,32,12,1,18,27,6,15,26,10,14,33,4,7,16,11,21,3,2,8,9,24]
124616642 [20,27,10,25,14,2,4,23,28,8,18,19,26,24,22,17,1,16,12,7,15,5,21,11,13,3,6,9]
124712487 [2,4,1,3,6,5]
124789639 [6,3,7,1,4,5,2]
125221203 [10,2,4,13,9,1,11,14,3,7,15,12,8,6,5]
125317893 [3,4,2,1,5,6]
125348528 [4,1,3,5,2]
125425489 [3,1,5,4,2]
125528230 [1,3,2,5,4]
125926572 [5,8,7,4,6,1,3,2]
126036923 [11,5,10,12,1,7,8,9,6,2,3,4]
126039511 [9,2,1,7,3,12,5,10,6,8,13,4,11,14]
126381635 [8,5,10,1,12,9,6,7,2,13,3,11,4]
126432169 [21,10,8,31,32,3,18,5,1,22,29,4,30,7,6,23,12,16,28,19,26,20,17,14,11,15,25,24,13,2,9,27]
126533829 [19,5,6,8,11,3,15,2,13,16,14,9,4,12,20,7,22,18,1,10,21,17]
126537537 [3,9,13,5,11,10,7,12,6,8,2,1,4]
126555660 [5,4,7,10,1,14,3,9,12,6,15,11,2,8,13]
126578694 [4,7,6,1,8,2,3,5]
126773538 [2,5,3,7,4,1,6]
127012465 [6,5,18,4,9,17,11,10,12,21,8,13,20,2,14,19,3,16,1,7,15]
127067672 [8,6,1,4,7,5,3,2]
128140919 [7,8,13,11,3,6,4,2,1,10,5,12,9]
128146733 [7,4,5,2,6,3,1]
128183725 [5,1,3,4,2]
128528765 [5,9,1,8,7,4,3,6,2]
128629469 [3,7,9,1,2,8,6,5,4]
128699432 [2,10,6,4,17,7,14,15,9,18,11,5,8,1,12,13,3,16]
128705751 [1,4,2,5,6,3]
128728423 [8,4,9,2,1,3,7,6,5]
129053008 [8,14,7,11,6,13,10,12,2,1,5,9,4,3]
129285972 [7,2,1,6,4,3,5]
129285997 [6,5,4,3,1,2]
129422668 [6,4,5,1,7,2,8,9,10,3]
129611511 [5,4,7,9,8,2,1,3,6]
129620688 [22,13,20,14,3,11,15,2,5,23,4,17,8,18,12,1,19,16,7,24,21,6,9,10]
129632869 [6,2,12,4,15,7,11,5,3,9,1,8,16,10,14,13,17]
129666200 [2,1,3,5,4]
129669924 [6,11,12,4,14,9,10,1,5,8,3,7,2,13]
130762608 [4,3,5,1,2]
130813013 [26,22,23,16,8,2,3,24,9,7,10,21,12,20,15,18,25,5,17,13,4,11,6,19,14,1]
130900020 [15,8,12,5,14,13,4,16,1,9,11,6,3,10,2,7]
130912956 [3,4,1,5,2]
130928472 [19,15,18,4,12,9,5,7,11,14,20,1,21,22,8,6,13,16,10,3,17,2]
131226166 [2,3,6,4,5,1]
131241243 [8,19,21,22,6,23,24,13,16,2,26,27,15,10,14,29,25,18,9,28,4,12,11,17,5,1,20,3,7]
131457249 [25,6,2,18,15,14,22,10,4,24,20,19,3,11,17,7,9,12,21,16,8,13,5,23,1]
131624373 [23,15,4,14,8,2,21,17,10,5,6,9,11,20,22,13,16,1,7,12,3,19,18]
131629169 [4,9,8,7,1,5,10,2,6,12,3,11]
131798578 [27,19,13,2,4,12,5,18,14,1,11,10,28,8,16,21,25,6,3,22,15,9,7,20,24,17,26,23]
132158943 [2,13,19,9,1,17,6,12,15,20,8,11,4,3,14,5,10,7,18,16]
132226643 [2,5,7,1,8,4,6,3]
132228403 [1,2,9,6,5,4,8,7,3]
132754214 [21,11,4,20,18,16,3,8,17,2,1,6,24,15,19,23,13,5,12,9,10,7,22,26,25,14]
132764888 [6,12,20,18,5,11,8,10,4,2,3,16,17,13,7,1,19,14,9,15]
132789347 [1,3,4,5,2]
133262626 [1,3,2,4,5,6]
133737286 [10,14,4,6,15,8,3,2,5,9,16,1,13,11,12,7]
135151337 [6,1,2,5,3,4]
135191286 [21,5,16,38,20,31,36,37,32,4,40,7,1,30,18,27,10,39,13,3,26,22,34,2,28,8,29,11,17,9,6,14,24,35,23,19,15,25,33,12]
136540262 [7,6,10,4,3,8,2,9,5,1]
136860002 [6,3,2,5,4,1]
136872817 [6,2,4,1,5,3]
137142138 [8,23,19,1,3,9,11,10,21,16,7,13,17,5,18,2,4,14,12,20,22,6,15]
138265766 [12,14,5,6,11,10,13,7,9,1,4,3,2,8]
138319466 [7,2,6,4,1,5,3]
138490479 [4,3,9,2,5,6,7,8,10,1,11]
139328901 [1,3,6,7,2,9,8,11,4,5,12,10]
139991510 [4,3,2,7,1,9,5,10,8,6]
139999852 [2,4,3,5,1,6]
140005192 [4,7,2,1,8,6,5,3]
140275972 [6,2,1,3,5,4]
140286887 [4,1,3,2,5]
140454224 [9,7,5,10,4,1,6,2,8,3]
141271169 [2,1,5,4,6,3]
141929130 [9,13,2,4,10,7,3,1,8,11,5,12,6]
142164068 [4,2,3,5,1]
142172034 [4,2,1,10,3,7,9,6,5,8]
142180205 [26,9,13,21,10,34,1,35,11,22,24,30,7,6,3,36,37,25,20,19,15,16,4,23,32,31,18,28,14,8,27,12,5,33,2,17,29]
142363582 [17,12,6,1,5,10,3,13,15,11,4,8,9,2,7,16,14]
142392256 [28,12,5,26,31,4,11,20,10,7,22,14,2,30,1,27,9,23,6,13,29,18,8,15,25,3,21,19,16,24,17]
143121380 [6,8,4,9,7,2,11,5,3,10,1]
143299506 [4,3,2,5,1]
143342880 [30,13,23,7,5,1,27,24,10,33,32,4,35,19,6,38,49,2,3,42,22,26,44,34,45,47,9,46,14,15,48,11,31,21,18,37,36,16,17,39,40,25,12,8,29,43,41,28,20]
144181692 [8,11,13,6,10,2,1,3,5,9,14,12,7,4]
144355330 [4,1,6,11,2,8,7,5,12,3,9,10]
145119489 [7,1,6,3,5,8,4,2]
146204982 [11,19,13,8,16,10,2,3,6,20,21,17,9,1,15,7,12,14,18,4,5]
146257996 [7,6,5,3,9,4,8,2,1]
146965323 [3,7,5,6,8,4,2,9,1]
147065470 [2,3,4,5,1]
147087922 [6,4,5,7,2,3,1]
147183803 [3,10,8,5,4,6,2,9,1,7]
147316377 [8,6,4,3,5,9,7,10,2,1,11]
147676380 [6,4,7,9,1,2,8,5,3,10]
147687417 [11,8,2,10,12,13,9,6,4,1,7,3,5]
147707603 [2,3,5,4,1]
147897428 [5,9,4,2,11,1,3,10,7,6,8,12]
148111175 [14,5,2,15,6,8,13,3,1,12,7,9,10,4,16,11]
148170417 [6,1,4,3,2,5]
148251566 [1,3,2,4,6,5]
148862382 [3,6,2,5,4,1]
148910094 [11,7,8,4,3,10,9,2,6,5,1,12]
148989734 [6,1,2,4,3,5]
148995194 [2,6,5,4,8,10,3,7,1,9]
149061387 [9,5,4,7,1,3,6,10,2,8]
150257949 [3,7,5,6,1,2,4,8]
150260824 [6,2,5,3,7,4,8,1]
150576439 [1,2,3,9,11,4,12,6,5,10,7,8]
150614365 [3,1,5,2,4]
150854359 [7,3,5,2,4,6,1]
150926911 [5,4,7,2,3,6,8,1]
150950688 [1,7,18,2,17,5,11,4,15,13,3,16,10,14,12,9,6,8]
151783708 [5,10,4,9,12,3,11,15,6,14,2,7,8,13,1]
151809006 [6,4,5,2,3,1]
151828574 [6,9,11,2,4,10,8,13,7,3,12,5,1]
151955831 [2,13,12,7,15,4,11,3,8,17,14,6,5,10,16,9,1]
151961759 [3,1,2,4,5,6]
151964330 [4,7,12,15,3,13,1,16,5,2,10,6,11,14,8,9]
151977299 [4,5,3,6,1,2]
152204256 [9,1,6,4,12,16,15,5,14,11,7,8,10,13,2,3]
152341065 [4,16,6,14,2,12,10,5,8,13,3,1,11,15,9,17,7]
152746543 [2,5,6,3,4,1]
152754942 [1,4,3,5,2]
152992614 [5,6,3,2,4,1]
152999659 [6,8,9,2,3,10,4,7,1,11,5]
153117725 [15,9,5,35,20,6,23,24,31,26,32,13,16,29,27,2,4,17,8,37,25,22,14,19,3,38,11,30,10,39,34,28,33,7,18,1,12,21,36,40,42,41]
153239459 [1,3,6,2,5,4]
153363497 [11,2,7,1,5,3,10,8,6,12,4,9]
153595294 [6,9,3,13,7,15,1,11,5,4,2,8,16,12,10,14]
153839834 [4,6,2,5,3,1]
153971632 [4,3,1,2,5]
154019222 [12,6,13,7,9,1,14,4,8,10,3,5,15,11,2]
154288259 [1,3,6,4,2,5]
154403180 [6,1,2,3,5,4]
154460900 [7,6,5,1,3,4,2]
154460928 [2,4,1,9,11,14,15,13,3,10,8,5,6,7,12]
154595890 [8,1,10,5,2,3,7,6,9,4]
154787786 [7,13,12,5,9,6,16,15,17,3,2,14,10,4,11,1,8]
154981241 [1,2,5,8,6,10,4,9,12,3,7,11]
155058538 [11,1,6,12,7,9,10,2,8,4,13,3,5]
155124864 [2,5,4,8,3,7,1,6]
155169744 [10,11,7,14,2,13,17,6,8,4,3,18,9,5,1,15,16,19,12]
155232019 [8,9,15,2,6,3,4,7,12,16,10,17,5,11,14,1,13]
155388236 [2,3,4,1,5]
155395184 [5,3,2,1,6,4]
155427557 [4,6,1,2,3,5]
156343821 [1,3,5,2,4]
156360928 [4,5,3,1,2]
156368848 [6,3,2,5,1,4]
156378879 [22,24,8,7,13,6,3,11,17,12,20,14,23,16,21,1,15,9,18,10,4,2,5,19]
156468732 [12,9,16,3,17,19,21,10,18,20,8,2,1,7,13,14,5,6,4,11,15]
156496280 [1,3,2,4,5]
156565348 [5,3,2,1,4]
156565363 [6,5,7,8,3,4,2,1]
156596501 [6,7,5,9,4,11,2,10,3,8,1]
156878973 [1,5,2,4,8,3,6,7]
156946105 [4,3,16,13,8,17,10,18,6,14,1,7,9,11,2,15,12,5]
157127388 [16,13,1,14,2,5,4,7,6,8,12,20,19,18,11,3,9,17,10,21,15]
157133593 [1,7,6,4,2,5,3]
157210621 [6,5,1,2,3,4]
157267592 [3,4,6,5,2,1]
157272957 [8,1,2,5,4,9,7,6,3]
158374851 [5,11,2,12,14,6,9,3,1,16,8,10,4,7,13,15,17]
158662306 [3,4,5,6,2,8,1,9,7]
158701603 [1,4,5,3,2]
158705353 [1,4,5,3,2]
159243531 [12,8,2,3,14,6,5,4,10,11,9,13,7,1]
159438260 [8,14,3,5,7,11,6,13,1,2,4,10,9,12]
159732417 [2,7,4,6,1,3,5]
159868107 [4,1,6,2,5,3]
159876570 [9,2,4,1,5,3,6,7,8,10]
159933546 [3,2,7,1,5,8,6,4]
160291212 [7,3,6,5,2,9,4,10,8,1]
160293370 [1,5,11,3,4,9,8,10,12,6,2,7]
160326284 [5,6,2,1,4,3]
160369699 [4,1,5,6,2,3]
161171064 [5,2,7,4,1,8,10,6,9,3]
161820103 [3,1,2,5,4]
161838142 [3,5,18,15,16,12,10,9,17,1,11,2,13,19,6,8,7,4,14]
161843560 [3,5,4,1,2]
162375930 [19,9,1,14,6,13,10,17,16,15,12,8,7,4,2,18,3,5,11,20,21]
162383141 [4,3,5,1,7,2,6]
163213675 [4,3,2,6,1,5]
163216705 [18,1,14,17,16,11,15,7,5,8,4,20,6,10,12,13,3,21,9,2,19]
163217013 [2,12,6,25,7,26,30,10,27,28,32,21,29,15,16,11,20,17,24,22,5,18,4,8,9,14,3,13,19,31,23,1]
163221683 [5,4,2,1,6,3]
164112551 [13,3,8,4,15,10,14,6,11,9,5,12,2,1,7]
164115751 [5,2,6,4,3,7,1,8]
165087393 [10,5,8,4,1,9,3,6,7,2]
165768799 [8,11,3,1,12,6,7,13,4,9,2,5,10]
165921753 [13,4,8,7,15,16,20,12,21,6,26,25,14,9,11,17,5,23,19,24,10,22,2,3,1,18]
165998552 [2,9,3,8,6,4,7,1,5]
166323358 [2,5,1,7,4,6,3]
166419505 [3,6,4,5,2,1]
166926274 [1,4,2,3,6,5,9,8,7]
167000807 [5,3,1,2,4]
167808591 [8,4,5,7,2,6,3,1]
167995640 [2,20,12,23,6,7,11,25,3,21,26,9,10,1,13,5,22,8,18,14,15,19,16,17,4,24]
167995644 [4,20,10,18,22,12,19,6,13,11,23,14,8,1,16,5,9,7,17,15,21,3,2]
168756313 [22,1,13,14,23,21,11,20,7,24,17,28,9,3,16,5,6,27,4,15,26,2,19,10,12,25,8,18]
168927856 [1,6,7,3,5,4,2]
168981146 [1,6,8,5,4,3,2,9,10,7]
169009989 [3,4,1,5,2]
169705853 [18,14,16,10,8,13,5,1,9,4,3,12,15,2,17,11,6,7]
169717122 [4,1,2,3,5]
169911838 [1,3,4,5,2]
170239320 [6,2,1,3,4,5]
170269664 [10,14,21,15,5,20,3,7,19,2,16,1,9,12,22,11,4,17,6,8,13,18]
170328019 [4,5,2,3,1]
170437613 [2,8,12,15,4,1,6,7,3,5,17,14,11,13,16,10,9]
170440403 [30,28,7,2,3,15,1,8,14,5,21,27,6,29,10,18,17,20,4,24,9,11,19,23,13,16,26,22,12,25]
170749757 [33,13,2,30,35,8,32,11,29,39,24,18,25,23,36,4,5,20,19,38,37,17,31,22,3,9,14,21,10,34,16,27,7,15,26,1,28,6,12]
171932300 [14,1,2,7,8,9,15,4,18,10,6,11,19,3,13,16,12,17,5]
172119587 [1,4,5,2,3]
172192828 [5,6,1,2,4,3]
172840078 [9,11,16,4,8,18,7,6,3,10,5,17,13,14,12,15,2,1]
173658296 [7,6,4,3,5,2,1]
174081389 [2,3,1,5,4,6]
174084837 [38,11,32,9,6,12,33,17,1,2,7,16,3,36,29,37,19,34,14,31,20,27,8,21,25,4,35,28,23,15,10,5,22,13,26,30,18,24]
174147291 [6,1,5,4,3,2]
174384310 [7,2,4,9,13,1,3,6,11,5,12,8,10]
174397759 [5,2,7,3,6,4,1]
175654109 [7,2,6,1,9,3,4,8,5]
176309423 [3,5,1,2,4]
176820967 [5,6,9,11,10,8,4,7,1,3,2]
176908674 [6,7,4,3,8,5,1,2]
177222695 [2,4,1,3,5]
177591794 [2,3,1,4,5]
177631333 [25,7,2,9,17,18,10,11,22,20,1,8,15,16,6,14,24,23,5,12,3,13,4,19,21]
177834905 [2,1,5,11,9,4,8,6,13,10,12,3,14,7]
177883958 [2,5,3,4,8,10,7,9,6,1]
178171842 [2,6,4,3,5,1]
178893088 [5,3,6,7,2,4,1]
178901781 [2,11,6,8,3,5,9,7,10,1,4]
178919245 [6,16,2,5,7,1,14,17,15,8,4,12,13,11,9,10,3]
179827593 [1,3,7,4,5,2,6]
179828240 [7,5,14,1,16,2,15,9,6,8,10,11,3,13,12,4]
179835568 [13,8,3,6,15,2,4,12,1,11,5,14,9,7,10]
179835569 [21,27,13,3,12,28,26,23,19,9,25,17,20,10,11,30,29,16,15,6,14,1,8,5,2,7,18,24,22,4]
179991466 [8,5,7,6,2,3,4,1,9]
180535708 [58,21,7,19,2,48,23,53,69,14,44,66,41,31,47,25,43,17,12,18,20,68,39,54,45,33,56,13,3,11,28,30,32,52,9,24,16,59,10,42,27,15,57,26,36,49,37,40,55,29,22,51,8,67,64,34,35,62,6,5,4,1,63,38,60,65,61,50,46]
180535774 [2,4,3,6,1,5]
180780493 [3,5,8,2,4,1,6,7]
180790118 [6,2,4,5,1,3]
180793358 [2,6,9,11,5,10,3,4,12,8,1,7]
180832704 [3,1,2,6,5,4]
180880714 [2,3,10,1,9,4,11,7,8,12,5,6]
180975890 [2,7,4,1,5,3,6,8]
181085492 [22,7,18,8,3,11,9,14,15,6,5,12,13,23,10,20,2,16,19,1,21,24,4,17]
181130354 [19,2,7,9,12,11,8,5,10,21,23,20,24,22,4,6,3,14,1,16,15,25,13,17,18]
181504939 [5,2,1,4,3]
181635397 [2,5,1,4,3]
181923675 [7,8,5,2,6,4,3,1]
181955332 [4,5,3,2,6,1,7]
182003373 [6,5,2,4,1,3]
182204161 [12,14,3,5,13,10,9,7,8,6,1,2,4,11]
182222671 [3,6,8,4,7,9,2,5,1]
182289882 [1,4,3,2,5]
182395969 [14,9,11,8,2,13,12,10,7,6,4,5,1,3]
182455552 [22,6,26,24,12,17,11,20,4,9,8,10,7,18,21,2,13,5,16,23,3,27,15,1,14,19,25]
182593509 [4,12,15,8,14,7,6,2,16,11,1,13,5,3,17,10,9]
183358863 [8,39,28,34,16,12,23,6,35,29,11,20,14,25,15,27,7,9,4,21,1,3,10,17,38,13,26,18,32,2,5,24,33,37,19,30,22,31,36]
183796842 [1,5,11,8,3,10,7,4,2,6,9]
183825371 [8,14,6,13,5,25,4,36,9,19,43,7,34,1,17,38,15,30,27,10,21,29,23,32,24,39,35,33,45,22,28,16,26,41,40,3,2,18,20,31,12,44,37,11,42]
183859421 [5,8,1,2,4,7,6,3]
183867416 [8,3,1,4,5,7,6,9,2]
183868137 [6,1,2,5,4,3]
184096789 [18,10,12,1,9,2,5,15,6,3,19,8,13,4,7,17,20,16,21,14,11]
184165941 [9,4,8,16,15,18,14,10,2,7,1,11,3,12,17,6,5,13]
184276786 [2,1,4,5,6,3]
184417373 [1,4,12,3,6,8,10,11,9,2,5,7]
184623156 [11,1,26,16,20,24,5,4,21,15,6,25,9,19,13,10,17,14,2,3,8,23,18,12,7,22]
184639418 [1,3,4,2,5]
184838832 [7,6,9,4,5,1,2,10,8,3]
184957839 [2,7,3,4,5,1,6]
184982417 [3,2,4,6,1,5]
184993179 [5,1,6,3,7,4,2]
185012535 [11,20,10,4,24,21,12,8,19,25,13,16,23,15,1,9,17,5,2,26,3,28,14,7,22,27,18,6]
185028569 [6,4,2,5,1,3]
185554193 [2,1,5,3,4]
185601715 [9,13,2,1,11,3,6,5,10,12,7,8,4]
185610261 [6,5,1,2,3,7,4]
185621605 [10,4,11,8,15,13,3,6,2,1,5,14,12,7,9]
185624622 [3,8,2,1,7,5,6,4]
185716362 [6,5,1,7,10,4,8,14,9,3,12,15,2,11,13]
185814328 [1,15,16,6,29,20,24,18,33,9,10,19,8,28,32,13,38,23,34,12,2,26,4,22,25,17,3,11,5,14,27,7,36,31,37,30,35,21]
185920029 [2,4,6,1,3,5]
185935940 [7,3,1,6,5,2,4]
185955976 [5,21,10,15,16,22,19,9,3,8,20,18,2,13,12,14,25,11,1,6,23,17,24,4,7]
185988037 [2,8,6,10,3,11,9,1,5,13,14,12,7,4]
185999224 [9,6,7,4,5,8,2,3,1]
186011247 [8,9,2,11,3,4,10,5,6,7,1]
186654213 [2,8,12,1,6,15,14,10,3,11,13,4,7,5,9,16]
187271772 [14,7,12,11,1,6,13,2,8,4,3,9,15,16,5,10]
187450706 [6,1,3,4,5,2]
187471248 [17,10,2,11,1,13,15,16,8,9,3,7,14,12,19,5,6,18,4]
187667419 [3,1,5,4,6,2,7]
187848474 [7,8,5,1,6,2,9,3,4]
188134364 [4,2,5,7,8,1,3,6]
188164633 [11,2,4,10,9,7,6,1,5,8,3]
188165476 [2,5,1,4,3]
188185664 [4,2,1,5,6,3,7]
188187591 [8,4,3,6,7,1,2,5]
188274675 [1,4,7,5,2,3,6]
188277020 [6,3,7,5,1,4,2]
188280733 [1,5,6,8,4,2,9,7,3]
188527947 [5,2,3,1,4]
189303362 [2,6,5,1,4,3]
189496614 [54,41,39,5,51,1,44,56,47,24,2,49,3,59,32,38,6,14,53,16,28,27,52,26,11,13,4,25,7,58,22,55,31,12,40,46,34,33,8,50,48,45,61,37,20,15,36,30,19,10,23,43,9,57,60,21,18,42,29,17,35]
189865221 [17,2,29,9,16,18,27,20,15,22,6,28,14,13,24,25,4,5,11,21,26,7,3,8,12,10,23,1,19]
190449234 [2,9,3,6,7,8,10,5,4,1]
190455261 [3,4,7,5,1,2,6]
191178375 [8,1,7,2,6,4,3,5]
191421624 [26,24,5,25,11,13,18,1,21,10,27,16,7,17,15,12,28,20,23,19,22,14,9,8,4,2,3,6]
191737400 [1,8,5,9,2,11,4,3,12,10,6,13,7]
191784098 [25,16,13,20,19,7,17,23,3,2,24,11,10,5,1,15,8,18,4,21,9,14,6,22,12]
192464216 [4,5,2,6,3,7,9,1,8]
192603441 [4,1,5,6,3,2,7]
193342716 [3,2,11,5,6,7,9,10,1,8,4]
193395853 [3,5,2,1,4]
193577016 [3,2,5,4,1]
193722594 [6,5,1,2,4,3]
193769785 [2,25,27,13,31,29,26,6,18,22,16,14,17,19,3,20,5,23,30,1,10,12,15,11,28,9,7,8,24,21,4]
193823658 [7,2,9,3,8,6,5,1,4]
193896956 [4,5,7,3,6,2,1]
194299396 [3,1,6,4,5,2]
194342526 [7,2,4,1,6,3,5]
194806420 [6,8,12,5,2,10,7,11,13,3,4,9,1]
194858365 [3,8,6,1,4,5,2,7]
194861193 [5,1,2,3,4]
195102401 [16,28,26,11,10,38,32,33,29,42,31,27,6,1,17,8,13,14,34,37,40,25,5,12,9,18,21,39,24,3,19,22,36,20,30,2,23,43,7,35,41,4,15]
195332112 [4,3,5,1,2]
195411434 [10,36,25,24,15,11,4,28,38,22,21,7,2,37,5,29,34,30,19,39,20,6,40,14,3,26,27,8,31,13,17,16,33,32,23,1,9,18,35,12]
195411876 [1,4,3,5,2]
195890075 [3,1,2,4,5]
196129159 [5,1,6,3,4,2]
196826211 [10,8,3,12,13,5,1,4,7,6,2,9,11]
196958454 [4,1,2,5,3]
197347311 [2,5,10,8,3,1,4,7,6,9]
197364573 [4,5,2,3,1,6]
197762565 [3,4,2,1,5]
197812863 [6,2,8,1,3,7,9,5,4,10]
197931111 [4,2,3,6,5,1]
199308643 [14,18,17,9,15,16,8,4,2,13,6,7,19,12,21,20,3,10,11,1,5]
199451031 [2,1,3,6,4,5]
199799671 [3,6,11,1,5,8,4,7,9,10,2]
200907874 [12,10,23,17,22,5,3,13,11,16,4,27,19,1,15,8,9,20,7,24,6,25,29,2,26,21,28,18,14]
201211218 [5,2,4,3,1]
201220204 [4,1,3,5,2,7,6]
201245986 [1,3,6,4,7,5,2]
201485342 [19,20,3,13,9,24,25,1,12,8,15,22,16,5,18,7,6,23,14,21,10,2,4,17,11]
201486777 [14,6,16,2,3,12,18,9,8,13,7,19,5,10,4,15,1,17,11]
201726950 [3,5,1,4,2]
201726953 [3,18,11,17,20,12,7,19,10,4,8,5,13,14,1,2,21,6,16,15,9]
201774053 [3,2,4,5,7,1,6]
202920059 [5,1,2,4,3,6]
202941943 [13,11,8,9,2,14,7,1,12,5,4,3,6,10]
203381137 [2,3,5,4,6,1]
203401734 [15,1,5,14,12,7,4,3,9,17,2,10,13,11,8,6,16,18]
203435073 [7,5,6,3,4,1,2]
203468397 [3,1,5,2,4]
204155056 [8,5,3,1,9,7,2,4,6]
204256107 [16,15,6,10,21,18,8,17,23,3,5,26,1,14,20,24,4,9,11,2,19,27,12,13,22,25,7]
204470532 [5,6,1,11,13,10,3,8,7,4,2,12,9,14]
204496590 [1,4,14,9,7,12,8,6,11,17,10,2,3,16,18,5,13,15]
204501970 [4,6,7,5,2,1,3]
204766796 [2,14,6,10,12,13,15,5,8,3,4,11,1,17,16,7,9]
204962950 [5,3,6,2,1,4]
205157840 [1,6,8,10,16,3,2,12,14,4,13,5,15,9,7,11]
205381329 [35,36,11,29,31,8,17,4,16,23,1,22,12,21,14,3,28,13,6,24,37,2,33,25,18,27,19,20,9,7,38,34,26,10,32,15,30,5]
205474230 [3,1,2,5,4]
205493987 [2,4,6,3,5,1]
205499893 [6,5,3,2,1,4]
205524504 [1,7,6,4,5,3,2,8]
205651953 [3,1,6,5,4,2]
205719036 [3,6,4,5,2,1]
206022258 [5,3,1,2,6,4]
206064130 [5,3,2,4,1]
206448105 [3,4,5,1,2]
206458428 [12,5,11,7,14,9,1,6,4,10,13,2,8,3]
206469209 [32,15,25,5,11,30,18,9,1,36,31,6,7,24,21,20,17,27,13,16,26,23,35,33,14,10,12,37,22,4,3,8,2,28,38,19,29,34]
206512181 [5,1,2,4,3]
206605169 [3,17,1,16,12,9,2,10,5,7,8,14,4,6,13,11,15]
206624290 [12,7,2,4,6,5,3,1,10,8,9,11]
206633491 [9,4,1,2,8,6,3,7,5]
206704937 [4,6,5,2,1,3]
206727297 [4,6,3,5,1,2]
206787378 [2,9,5,7,6,4,1,3,8]
207078942 [5,9,2,6,3,8,1,7,4]
207116601 [4,6,3,7,5,9,8,13,15,11,2,10,14,1,12]
207276171 [12,2,3,7,14,9,6,16,8,13,4,1,11,10,5,15]
207393635 [11,5,4,10,12,9,7,8,3,6,1,2]
207394903 [22,9,18,3,12,24,28,19,17,5,8,26,13,2,20,23,27,30,21,6,1,31,16,14,29,4,10,15,25,11,7]
207398967 [5,9,8,2,7,6,3,1,4,10]
207428002 [6,10,2,1,9,8,5,3,7,11,4]
209383430 [5,4,3,6,1,2]
209419784 [3,4,2,5,1]
209431915 [11,12,2,5,8,4,9,3,6,1,10,7]
210628984 [3,1,5,6,4,8,7,2]
213208961 [6,9,7,1,4,8,3,5,2]
214053767 [2,4,1,3,5]
214086519 [53,40,48,5,38,17,4,19,24,31,11,15,22,30,7,27,1,23,6,45,18,29,43,44,52,16,14,51,32,50,9,39,47,46,20,8,13,21,10,41,26,49,33,12,2,25,42,3,37,54,36,35,28,34]
214106953 [8,4,17,15,13,5,12,11,1,7,2,14,10,16,3,6,9]
214114397 [5,13,14,12,6,2,4,3,11,10,8,1,7,9]
214926341 [19,4,22,1,11,15,7,8,23,24,21,25,16,26,10,29,27,30,20,31,17,5,9,14,2,12,3,13,18,28,6]
215049000 [4,3,5,1,6,2]
215535648 [6,2,5,3,4,1]
215858658 [6,7,3,4,2,8,1,11,5,10,9]
216752127 [24,35,27,33,31,13,18,32,36,45,20,16,38,25,3,10,44,21,9,1,37,29,41,7,28,12,34,4,23,26,17,42,22,19,43,5,39,6,30,2,8,40,14,15,11]
216938037 [31,32,13,16,5,15,23,25,2,7,9,17,12,18,1,3,10,22,14,26,27,29,20,21,24,30,28,6,4,11,8,19]
217012711 [2,1,9,3,6,8,4,5,7]
217123745 [6,3,4,1,2,5,7]
217129621 [11,6,7,3,5,2,10,4,1,9,8]
217317896 [5,6,3,9,8,2,4,1,7]
217322749 [9,20,12,5,19,11,13,1,8,3,2,16,22,21,6,17,10,14,7,18,4,15]
218454416 [16,15,1,10,8,14,3,13,2,7,6,9,11,5,4,12]
218795557 [2,10,5,4,12,3,9,1,6,8,7,11]
218881706 [4,3,2,6,5,7,1]
219177126 [46,28,4,35,41,1,36,16,49,51,38,11,20,44,12,42,37,30,33,43,21,26,47,48,5,25,6,17,50,9,18,29,23,31,24,15,8,19,10,34,27,3,22,7,40,39,32,13,2,14,45]
219344959 [4,3,8,10,1,11,6,13,7,5,12,14,2,9]
219366210 [1,14,12,10,9,4,7,3,16,5,13,2,15,8,6,11]
219366661 [8,1,2,3,4,9,5,7,6]
219417568 [2,5,13,4,8,12,7,11,1,6,14,10,3,9]
219591520 [1,8,7,6,4,2,5,3]
220472326 [10,32,27,20,22,12,13,23,29,31,1,16,7,5,28,18,6,24,30,3,15,21,8,11,25,14,4,17,2,19,26,9]
220630923 [3,1,6,11,5,13,8,2,4,12,10,9,7]
220774441 [1,2,4,3,6,5]
220846225 [8,1,4,9,5,2,3,7,6]
221148871 [18,7,15,13,4,16,12,9,3,1,6,11,17,19,14,2,8,5,10]
221382673 [3,7,6,1,4,5,8,2]
221431236 [6,1,4,3,2,5]
221432633 [6,3,1,8,7,2,4,5]
221444887 [6,1,2,7,5,4,3]
221472499 [10,5,12,6,8,4,1,2,9,13,3,7,11]
222007085 [2,7,1,4,3,6,5]
222283227 [3,2,1,5,4,6]
222284709 [4,2,3,5,1,8,6,7]
222288540 [8,12,17,13,3,4,6,16,5,14,2,1,15,7,10,9,19,18,11]
222736117 [5,3,7,10,4,8,9,1,6,2]
222753833 [1,2,7,4,5,6,3]
222783694 [5,7,1,2,3,10,9,8,6,11,4]
222829011 [19,4,13,14,26,17,1,9,6,3,7,22,5,16,24,20,27,12,18,25,23,11,10,2,15,21,8]
222888296 [5,3,1,4,2]
222914776 [7,4,21,8,18,10,1,5,2,6,14,9,15,3,19,20,16,12,13,11,17]
222949497 [9,7,1,3,6,5,8,2,4]
222964571 [5,2,1,4,3]
223324437 [4,6,3,1,5,2]
223327216 [5,2,1,4,3,6]
223336801 [4,11,6,1,8,9,2,10,5,7,3]
223340912 [5,1,4,2,3]
223421622 [3,2,6,7,5,1,4]
223722944 [1,2,3,7,4,6,5]
224490077 [4,5,3,1,2]
224819651 [4,7,5,2,6,8,3,1]
224857626 [4,6,1,5,7,2,3]
224983008 [5,3,1,4,2]
225234204 [19,11,6,17,18,2,9,1,12,13,7,4,3,14,5,16,8,10,15]
225280264 [30,5,27,10,18,8,31,26,12,3,11,24,23,1,20,4,19,6,9,7,25,14,21,29,16,2,17,22,15,13,28]
225445048 [5,6,9,1,2,10,4,8,3,7]
225450210 [3,5,1,4,2,8,9,6,7]
225726302 [7,1,5,3,4,2,6]
225787158 [5,1,3,2,4]
225795765 [14,15,9,7,10,4,13,8,1,2,5,6,11,3,12]
225982588 [1,8,44,31,33,2,19,6,25,20,15,41,10,12,38,28,37,22,13,4,29,32,16,35,7,45,14,24,5,18,40,17,42,43,21,39,23,3,34,36,27,11,30,26,9]
226067908 [2,1,3,5,4]
226397094 [13,3,1,9,24,7,18,8,11,22,6,16,17,2,14,19,23,20,12,15,4,5,21,10]
226422165 [1,3,7,2,5,8,6,4,9]
226663278 [1,6,2,8,3,4,5,7]
226762751 [1,9,4,14,5,10,13,2,6,3,7,11,8,12]
226980007 [7,3,11,10,6,2,8,4,12,9,5,1]
227450470 [3,11,12,2,8,19,13,4,7,15,1,17,16,9,20,5,21,6,18,10,14,22]
227809928 [3,6,1,7,2,5,4,8]
228322331 [8,11,3,9,10,5,1,4,7,2,12,6]
228624492 [4,15,6,13,2,8,11,3,1,14,9,12,7,5,16,10]
228640355 [4,8,5,12,18,6,21,3,13,17,2,10,1,14,20,11,22,19,9,15,7,16]
228640363 [5,13,15,16,3,6,1,10,11,14,7,4,2,8,12,9]
228662644 [14,6,10,2,12,8,13,9,11,4,7,3,5,1]
228778876 [4,5,3,1,6,2]
228922955 [1,4,5,2,3]
229585343 [11,1,3,6,7,8,14,5,2,12,4,10,9,13]
229589592 [3,6,7,5,2,1,4]
230069058 [9,1,5,6,3,8,4,7,10,2]
230481955 [6,1,10,14,4,3,9,7,17,18,5,11,19,12,13,2,21,8,20,16,15]
230552168 [17,2,9,3,13,6,15,7,16,8,12,1,11,18,4,5,14,10]
230873885 [6,7,5,2,4,1,3]
230968287 [5,3,2,1,4,6]
230977718 [11,16,9,1,6,8,4,13,2,12,7,10,15,14,3,5,18,17]
230985826 [10,6,17,7,1,9,16,5,2,13,8,4,14,18,15,11,3,12]
232293290 [5,3,4,1,6,8,2,7]
232457452 [6,3,8,4,2,1,5,7]
232594783 [3,6,2,5,4,8,1,7,9]
233578638 [5,10,2,8,6,3,9,11,13,4,12,14,7,1]
234153965 [4,8,26,12,19,15,2,24,17,16,10,1,18,25,9,11,13,28,3,5,7,23,22,27,14,21,6,20]
234483449 [1,4,3,6,2,5]
234605977 [6,4,2,5,3,1]
234686658 [8,17,21,13,14,12,25,27,9,3,18,4,22,19,24,6,16,7,23,10,20,1,11,2,26,15,5]
236139803 [1,5,2,4,3,6]
236498443 [5,2,3,8,7,6,4,1]
236505474 [11,6,7,1,10,15,8,14,9,2,13,3,4,5,16,12]
236929326 [6,1,13,5,7,11,2,10,9,8,4,12,3]
237673784 [4,5,12,3,7,11,2,9,14,15,6,8,10,1,16,13]
238555726 [11,19,4,32,25,27,3,26,10,1,12,35,2,18,42,31,21,34,41,36,9,5,20,8,30,39,24,28,38,7,37,43,15,17,22,40,29,16,13,23,33,14,6]
238766851 [10,9,2,6,8,4,1,3,7,5]
238842797 [10,14,8,2,9,12,1,15,11,4,5,16,6,3,7,13]
239285943 [5,4,2,3,1]
239348612 [7,2,1,9,21,5,19,12,16,20,11,15,14,17,10,18,13,8,22,6,4,3,23]
240119475 [3,2,5,1,4]
240463999 [5,3,7,1,4,6,2]
240521415 [4,2,6,5,7,3,1]
240546216 [4,2,6,3,5,1]
240842808 [14,5,8,10,3,9,7,11,6,13,2,12,4,1]
240862249 [5,3,6,1,2,4,7]
241573528 [41,15,42,77,52,31,75,46,38,4,23,37,68,67,25,54,32,64,47,33,72,59,27,48,5,12,65,53,24,14,39,58,49,26,18,1,28,57,34,40,70,9,61,51,3,16,36,63,66,55,2,69,50,74,6,45,22,13,17,43,71,11,44,35,78,8,19,76,20,30,56,10,7,73,62,60,21,29]
241576791 [14,8,11,5,1,13,12,6,9,2,10,4,3,7]
242021279 [7,1,4,6,3,2,5]
242337989 [2,3,5,4,1]
242492445 [1,9,7,3,6,8,5,2,4]
242595248 [6,2,3,9,8,4,1,7,5]
242807617 [2,4,1,3,5]
242856553 [4,1,5,2,3,6]
242893095 [3,6,5,7,4,1,8,2,9]
242921590 [4,5,2,1,10,6,3,8,7,9]
243153676 [31,30,26,2,16,27,21,4,15,19,7,11,23,14,22,1,9,13,24,18,10,5,6,3,12,28,8,25,29,20,17]
243170182 [5,4,2,3,1,6]
243174324 [2,3,6,1,4,8,7,5]
243313027 [8,2,3,1,5,7,4,6]
243337889 [6,4,1,2,3,5]
243340119 [7,13,2,8,14,9,6,3,11,1,4,10,12,5]
243389120 [9,4,5,2,6,11,8,10,7,3,1]
243573363 [8,5,7,10,6,4,17,3,11,1,15,9,12,2,14,16,13]
243622995 [1,5,6,3,2,9,10,4,8,7]
244086732 [7,1,5,6,3,4,2]
244126995 [4,1,7,5,6,2,3]
244138080 [22,19,14,12,15,1,3,4,26,9,16,20,23,18,10,2,7,13,5,11,24,21,25,8,6,17]
244150559 [1,2,5,3,4]
244156707 [2,6,5,7,4,8,1,3]
244216160 [2,13,22,4,18,21,10,1,20,5,15,7,9,11,6,14,12,19,8,16,3,17]
244292646 [4,6,5,3,1,7,2]
244302175 [4,1,7,10,5,6,9,2,11,8,3]
244385247 [4,3,7,5,1,6,2,8]
244386681 [5,2,1,6,3,4]
244396406 [28,20,19,11,30,15,32,2,10,24,5,25,34,9,16,1,31,3,23,22,14,7,36,35,18,26,27,29,6,13,4,12,33,8,17,21]
244452645 [3,2,4,1,6,5]
244571029 [5,4,1,6,3,2]
245123073 [1,10,3,4,5,9,6,7,2,8]
245226933 [6,8,3,4,2,5,7,1]
245549157 [4,3,5,2,1]
246486340 [8,6,5,1,2,7,3,4]
246911678 [8,3,1,5,2,7,4,6]
247524902 [2,3,5,6,4,1]
247534762 [14,6,15,1,7,16,13,10,8,4,9,11,17,5,2,3,18,12]
247540465 [3,6,5,4,7,2,1]
247881999 [1,2,5,3,4,6]
248277526 [11,41,35,13,7,33,19,9,25,43,48,21,52,12,20,27,37,5,51,31,38,10,18,50,39,46,45,8,23,49,14,22,4,30,24,29,54,15,28,53,42,2,1,36,34,3,47,32,17,26,6,16,40,44]
249018031 [9,2,1,4,3,5,7,6,8]
250368089 [2,5,1,6,7,4,3]
250516965 [4,3,1,8,7,6,2,5]
251093403 [8,3,6,5,4,11,7,9,1,12,10,2]
252311600 [2,4,3,5,1]
252468691 [4,2,6,5,3,1]
252516423 [6,1,4,9,11,3,2,7,10,13,5,8,12]
252917059 [4,14,3,5,8,2,7,12,15,1,13,6,10,9,11]
252996517 [3,5,2,1,4]
253838297 [1,5,3,2,6,4]
254181719 [8,4,9,1,3,7,6,5,2]
254251303 [11,4,7,9,5,8,10,2,12,6,1,3]
254259990 [5,2,16,3,10,8,15,13,4,14,11,6,12,7,1,9]
254304132 [1,3,7,4,6,5,2]
256930593 [3,4,2,5,1]
256974200 [2,1,6,7,5,4,3]
256980387 [10,4,3,6,2,5,11,7,9,1,8]
257003140 [1,4,5,3,2,6]
257925585 [5,6,4,1,7,2,8,3]
257931798 [10,11,5,9,13,8,1,12,3,14,6,4,7,2]
258078828 [4,6,1,3,7,5,2]
258801033 [7,5,1,6,8,2,3,4]
258844159 [6,3,12,2,17,7,4,9,15,11,5,1,16,13,8,14,10]
258923136 [3,5,4,6,1,2]
259363677 [2,13,5,1,4,11,14,8,7,12,9,10,3,6]
259600689 [3,6,1,2,5,4]
260261746 [3,11,12,4,2,5,8,10,1,6,7,9]
260327563 [10,8,4,7,3,5,1,2,9,6]
260784986 [9,10,2,6,8,7,5,4,1,3]
260786598 [5,1,4,2,3]
260821188 [4,8,1,7,3,5,6,2]
260909808 [6,5,2,4,3,1]
260967775 [1,11,8,7,2,14,6,16,12,15,10,3,17,5,13,9,4]
260977918 [4,1,3,2,5]
261043985 [10,2,16,3,11,6,4,12,9,14,1,13,5,7,15,8]
261328267 [3,7,2,5,8,6,4,10,9,1]
261329161 [2,10,1,3,5,6,9,7,8,4]
261341478 [5,6,4,2,3,1]
261349749 [5,2,1,6,8,4,7,3]
261376089 [5,8,6,2,9,1,4,7,3]
262089460 [9,4,10,2,5,7,3,11,8,1,6]
262150489 [9,11,14,6,23,19,12,4,8,7,2,1,16,10,17,22,13,24,15,20,18,21,5,3]
262310792 [4,6,1,5,3,2]
262318121 [10,11,5,2,4,8,3,6,13,1,7,9,12]
262560332 [3,2,1,4,5,6]
262624381 [1,4,5,3,2]
262642056 [2,7,8,3,6,10,11,12,9,1,4,5]
262786573 [6,2,1,3,5,4]
263306347 [7,3,14,16,17,13,15,10,20,9,12,11,6,1,8,4,5,18,19,2]
263341010 [22,8,15,11,3,25,24,7,19,23,17,10,21,1,13,5,4,9,26,18,12,2,16,14,6,20]
263355816 [1,5,4,2,3]
263357628 [1,2,7,5,3,6,4]
263703431 [6,2,3,7,1,4,5]
263756741 [2,4,3,5,1]
264258485 [23,10,15,18,21,20,32,34,26,24,16,4,19,31,22,7,1,17,6,5,13,12,9,2,25,11,33,28,14,3,29,8,30,27]
264279441 [3,4,5,2,1]
264283512 [6,7,4,9,1,2,8,3,5]
264297227 [5,1,4,2,3]
264313794 [7,3,12,4,2,9,8,1,6,10,11,5]
264693217 [6,7,2,1,5,3,8,10,4,9]
264771199 [2,4,3,5,8,7,6,1]
265011026 [3,2,6,5,1,7,4]
265043403 [9,4,6,5,1,3,8,2,7]
265836837 [4,5,6,11,7,3,15,2,8,1,13,17,12,18,14,10,16,9]
266866243 [19,12,3,13,9,15,1,10,5,6,18,17,4,14,8,2,11,16,7,20]
267935506 [1,5,3,2,4]
268001586 [2,1,5,4,3]
268011126 [21,11,5,18,14,17,2,19,7,12,9,1,3,6,13,15,8,10,20,4,16]
268013355 [5,4,2,3,6,1]
268731236 [6,9,1,11,4,7,2,10,5,8,3]
269125342 [5,7,3,4,11,14,9,13,10,1,2,6,12,8]
269126203 [21,12,15,18,14,8,6,7,1,16,19,22,5,10,4,13,9,2,3,20,17,11]
269625779 [3,8,6,2,9,1,7,5,4]
269878053 [24,15,17,21,9,12,5,34,7,13,10,19,14,18,28,27,20,33,6,30,11,3,2,26,23,29,1,16,35,25,31,4,8,22,32,36]
270342236 [8,5,1,6,3,4,2,7]
271004979 [5,1,2,3,4]
271626046 [2,8,10,5,3,4,9,7,6,11,1]
271886021 [8,2,6,3,10,4,1,11,7,5,9]
272564389 [7,4,8,1,2,3,6,9,5]
272940001 [3,2,4,5,1]
273002293 [7,4,5,2,6,1,3]
273165319 [11,8,10,4,3,9,2,5,7,6,1]
273584352 [1,6,2,5,3,4]
273633543 [15,14,2,4,5,13,6,1,11,7,10,3,8,9,12]
273715139 [7,4,5,6,8,1,3,2]
273719410 [2,4,1,3,8,5,7,6]
273858938 [5,4,3,6,1,2]
273866464 [3,4,1,2,5]
273873031 [9,1,17,7,12,11,2,10,3,15,5,6,13,8,4,16,14]
273898984 [8,2,9,6,1,11,5,3,10,7,4]
274019830 [4,3,2,5,6,1]
274939711 [3,5,4,1,2,6]
275045395 [3,5,4,1,2]
275048076 [13,6,3,22,27,18,19,20,8,7,14,11,24,17,23,12,21,26,4,5,10,16,1,9,15,2,29,25,28,30,31]
275054973 [14,19,10,2,18,1,7,12,21,11,3,16,15,17,9,4,13,20,8,5,6]
275056168 [6,4,2,1,3,5]
275075684 [6,5,4,3,1,2]
275782270 [1,3,8,2,5,6,4,9,7]
275870100 [3,4,2,1,5,6,7]
277716094 [9,3,8,1,7,4,2,5,6]
277717482 [5,6,7,2,4,3,1]
277843893 [10,5,13,8,1,7,11,12,9,4,3,6,2]
278408068 [4,1,6,5,3,2]
278464783 [1,2,5,6,3,4]
278497451 [4,5,3,2,1]
278982550 [7,4,3,2,9,1,5,8,6]
279040193 [1,4,3,5,2]
279046764 [2,4,6,8,1,5,7,3]
279054632 [10,5,7,4,3,6,8,9,1,2]
279159844 [3,2,4,1,5]
279858095 [4,2,5,3,8,11,6,9,13,1,7,14,10,12]
279881370 [6,5,11,2,10,1,13,16,4,15,17,7,8,12,9,14,3]
280022610 [2,3,5,1,4]
280055402 [1,4,5,2,3]
280109656 [5,7,6,9,3,10,8,2,1,4]
280419142 [7,4,2,9,8,6,5,10,3,1]
280706890 [12,1,10,7,8,3,6,4,5,13,9,11,2]
280889447 [5,3,7,1,6,2,4,8]
280955955 [6,2,5,4,3,1,7,9,8]
281391269 [4,9,18,11,26,21,24,10,17,20,25,7,19,1,3,22,5,2,15,12,6,14,16,8,13,23,27]
281533062 [4,3,6,1,5,2]
281662460 [8,5,2,12,10,15,16,9,3,14,6,11,7,13,4,1]
281693128 [5,6,1,2,4,3]
281770119 [2,1,4,5,3]
281786091 [1,3,4,5,2]
282341216 [2,10,9,8,7,11,5,3,1,4,6]
282415281 [2,4,1,3,5]
282436146 [3,8,1,2,5,6,4,7]
282445124 [10,2,7,3,13,4,12,6,1,8,11,5,9]
282492515 [8,7,2,3,5,4,1,6]
282607481 [2,3,5,1,4]
282616035 [9,12,1,6,8,7,11,3,4,5,2,10]
283491035 [2,6,12,3,1,10,4,14,13,11,5,7,9,8]
283541248 [2,15,19,14,13,12,6,9,17,5,16,4,18,7,3,8,10,11,1]
283759606 [31,17,2,14,16,10,6,21,23,35,29,24,3,19,36,26,28,33,8,32,30,18,34,9,7,1,15,4,13,11,25,27,20,5,12,22]
283780580 [11,14,12,9,7,10,1,6,5,8,2,13,3,4]
284024366 [1,6,4,5,2,3]
284275053 [2,1,6,5,4,3]
284451387 [10,13,2,11,3,1,8,4,12,6,5,14,9,16,15,7]
285079064 [22,3,25,34,30,20,33,29,27,12,4,26,36,23,21,37,18,24,8,5,2,38,14,10,35,19,1,31,28,11,7,16,32,15,9,6,13,17]
286188424 [4,2,8,1,5,6,3,7]
286538598 [4,3,5,2,1]
286786388 [1,7,9,6,2,3,4,5,8]
287094012 [3,6,1,5,4,2]
287095850 [4,7,2,1,5,3,6,8]
287160353 [17,25,1,10,19,15,22,4,11,21,9,23,13,12,7,6,16,18,8,5,3,20,14,26,24,2]
287168728 [2,9,1,4,5,11,10,8,7,3,6]
288651973 [3,5,9,1,8,4,7,2,6]
288689147 [1,6,4,3,5,7,2]
290010381 [4,5,1,2,3]
290627503 [4,2,6,3,7,5,1]
290893314 [6,2,15,1,8,18,4,10,9,3,20,11,19,14,12,16,7,17,13,5]
290911638 [3,5,1,4,2]
291127108 [18,19,11,2,16,10,3,13,1,21,8,12,4,15,7,20,17,14,6,5,9]
291135910 [4,7,8,1,2,6,3,5]
291177113 [4,5,7,8,2,3,1,6]
291226673 [6,5,8,1,4,2,7,3]
291565250 [6,2,8,7,1,4,9,3,5]
291607639 [1,2,4,3,6,8,5,7]
292061711 [1,7,4,2,5,3,6]
292398027 [1,9,6,13,12,8,3,4,14,10,5,16,7,2,11,15]
292398032 [2,5,6,9,8,3,4,7,1]
292973813 [2,3,4,1,5]
293108113 [22,29,21,12,35,28,8,42,27,6,46,10,32,37,25,36,31,9,43,49,26,44,18,1,4,40,48,34,23,41,3,19,30,45,13,17,24,33,5,2,38,11,47,7,20,14,16,39,15]
293114097 [4,6,12,1,2,16,10,15,11,5,13,9,14,3,8,7]
293201877 [34,16,38,5,24,3,14,19,36,25,31,10,17,1,28,7,18,27,37,30,13,9,29,33,4,22,32,15,23,8,12,6,35,2,21,20,11,26]
293308487 [5,4,6,1,2,3]
293316886 [5,6,3,4,2,1]
293317442 [7,3,6,2,5,8,1,4]
294197358 [7,3,2,8,9,1,5,4,6]
294964409 [5,8,17,3,4,7,14,15,2,22,23,1,10,19,12,6,11,13,9,18,20,16,21]
295196122 [8,1,7,3,2,6,4,5]
295290645 [7,10,4,6,1,3,9,2,5,11,8]
295567212 [5,3,6,2,1,4]
295892787 [8,7,1,6,2,9,10,4,5,3]
296866335 [6,11,12,14,15,9,5,2,7,1,8,13,3,4,10]
296979033 [1,8,2,4,7,13,6,3,12,9,11,10,5]
297030459 [2,5,1,4,3]
297067492 [2,3,7,5,6,1,4]
297171191 [7,16,21,6,19,13,14,4,12,10,2,9,22,17,11,15,3,1,5,23,18,20,8]
297172140 [6,1,16,7,20,18,13,14,17,19,15,9,12,4,2,10,3,11,8,5]
297303515 [8,2,11,18,6,19,21,4,5,7,20,3,22,15,9,14,16,12,10,1,17,13]
297327568 [5,4,2,3,1]
297478790 [4,5,1,3,2]
297507834 [12,1,9,5,4,6,11,8,2,16,17,14,3,10,7,13,15]
297688558 [8,5,3,7,4,9,6,1,2]
297693550 [18,3,17,7,6,8,10,11,15,4,2,1,5,13,12,9,14,16]
297694715 [6,16,14,19,3,5,18,15,11,7,17,8,4,12,2,1,13,9,10]
297770500 [2,3,4,1,5]
297909281 [5,14,4,2,12,9,1,3,8,10,6,15,11,7,13]
297956504 [2,5,3,4,1]
298411898 [2,7,5,1,4,3,6]
298481923 [3,5,6,2,1,4]
298565336 [5,6,7,2,3,1,4]
298605520 [1,2,6,4,3,7,5]
298983942 [7,4,2,3,6,1,5]
299053597 [12,14,5,8,2,13,9,7,6,10,4,11,1,3]
299075393 [5,3,2,6,4,1]
299295180 [24,21,4,1,9,17,10,18,16,20,6,12,5,23,8,22,14,3,19,11,15,2,13,7]
299578842 [1,15,21,22,17,8,19,10,24,20,25,2,9,7,11,5,16,13,18,6,26,4,3,14,12,23]
299660335 [3,2,1,5,4]
299993104 [8,2,1,6,9,7,4,3,5]
300087399 [5,3,1,4,2,7,6]
300090963 [22,11,4,13,12,8,17,2,10,3,9,14,6,7,19,18,21,24,15,23,20,16,1,5]
300091999 [1,3,7,2,5,4,6]
300093207 [4,2,1,5,3]
300500922 [4,3,6,8,5,2,7,1]
300661896 [5,8,1,10,3,12,7,6,4,2,11,13,9]
300823012 [3,7,5,2,4,8,1,6]
301419502 [14,1,5,6,10,11,12,3,13,9,2,7,4,8]
301529003 [4,9,14,1,3,16,10,15,12,2,5,13,11,6,8,7]
302489448 [1,3,4,6,5,2,7,9,8]
302500038 [2,1,5,4,3]
303486224 [14,20,18,9,1,3,12,7,4,2,16,15,11,10,17,13,19,6,8,5]
304818310 [8,3,5,10,9,1,2,7,6,11,12,4]
304894721 [3,5,2,1,4,6]
304894733 [1,3,5,7,6,4,2,8]
304921727 [8,5,4,6,1,7,9,11,10,3,2,12]
306161813 [2,1,5,3,4]
306837719 [6,5,8,10,4,3,1,9,7,2]
306906001 [1,5,14,11,6,13,2,3,12,8,10,4,9,7]
307026468 [1,13,8,4,14,11,2,3,12,10,6,7,5,9]
307071032 [3,5,6,1,2,4]
307541721 [29,12,30,20,10,27,23,16,19,24,22,8,1,17,13,3,9,15,32,25,28,6,14,5,7,2,4,21,26,11,31,18]
307923879 [7,6,4,3,9,2,8,5,1]
308149513 [27,6,1,15,23,22,5,32,20,19,17,10,21,18,2,34,9,25,31,13,14,33,12,4,11,7,3,30,8,28,16,26,24,29]
308783387 [2,4,3,1,5]
308787286 [7,5,6,2,4,3,1]
308809949 [8,3,6,16,15,13,12,5,7,9,14,10,1,4,11,2]
308912209 [4,5,1,2,7,3,6]
309140362 [2,4,6,5,1,3]
309878701 [10,9,6,7,2,19,20,17,15,12,14,3,1,5,18,13,8,4,16,11]
309890420 [5,6,4,1,3,2]
309892094 [1,3,2,4,17,9,16,5,14,7,6,18,15,13,11,8,12,10]
310436522 [1,10,2,6,8,4,3,11,9,5,7]
310436535 [1,2,9,5,4,7,6,11,3,10,8]
310651422 [4,5,3,2,1]
310900310 [2,5,4,3,1,6]
311412133 [5,1,8,7,2,6,4,3]
311424930 [8,7,1,3,4,2,5,6]
311532393 [3,5,4,1,6,2]
311738869 [1,5,3,2,4]
312084298 [3,11,12,10,13,5,4,8,2,7,14,9,1,6]
312682599 [10,4,9,2,6,11,5,3,8,7,1]
312733131 [7,2,4,1,8,3,5,6]
312770537 [3,5,6,4,2,1,7,8]
312807874 [16,6,14,10,12,9,4,13,11,1,8,5,17,3,15,2,7]
312877530 [2,1,10,7,9,13,6,11,5,12,16,8,15,3,14,4]
313023071 [5,3,1,4,6,2]
313023087 [10,1,3,9,2,12,15,7,8,11,13,4,6,5,14]
313500639 [6,1,7,3,8,4,2,5]
313505572 [21,19,3,6,2,20,17,11,1,4,15,10,9,13,16,5,18,12,7,8,14]
313721923 [1,5,3,2,4]
314141534 [9,2,12,5,1,10,6,8,4,7,13,3,11]
314758264 [16,3,14,18,13,5,2,15,8,10,4,1,12,7,20,9,11,17,6,19]
314758873 [6,1,7,2,3,5,4]
314890195 [18,6,3,7,17,15,10,24,2,23,19,13,9,11,14,8,25,22,1,4,20,16,5,12,21]
315376383 [1,8,5,7,2,3,6,4]
315392990 [3,4,1,5,2,6]
315533874 [4,5,1,9,6,2,8,7,3]
315575379 [3,5,6,8,2,9,1,10,7,4]
315581674 [7,6,9,4,2,8,11,1,10,3,5]
315623849 [5,2,4,6,3,1]
315660870 [9,6,5,4,10,3,1,2,8,7]
316082725 [8,10,3,2,5,4,7,9,6,1]
316116816 [3,4,6,8,2,5,7,1]
316131010 [2,1,3,6,4,5]
316521203 [3,1,2,4,5,6]
316761208 [11,8,1,13,2,4,7,10,12,5,6,3,9]
316857410 [12,13,6,17,9,19,15,11,3,10,18,16,14,5,8,2,1,4,7]
316869385 [2,7,12,10,9,3,1,11,8,5,4,6]
316877440 [4,2,3,5,1]
317128591 [3,2,4,1,6,7,5]
317219687 [5,10,2,9,4,3,11,6,7,8,1]
317237530 [46,17,13,3,36,40,14,7,51,41,4,20,9,5,8,49,19,32,27,43,39,12,34,44,50,26,6,22,24,10,11,31,33,48,30,1,15,42,18,37,2,38,29,35,47,21,23,45,28,16,25]
317498266 [7,6,5,4,1,3,2]
317810177 [7,9,1,3,2,4,8,6,5]
317943661 [5,1,6,2,4,3]
317959558 [3,10,5,12,1,6,2,11,4,9,7,13,8]
317967843 [24,13,20,28,26,22,23,17,8,10,29,5,14,27,15,2,16,21,9,7,6,25,18,12,4,3,11,19,1]
318017541 [5,4,2,3,1]
318047321 [3,5,2,4,1]
318312989 [8,5,7,6,1,3,9,4,2]
318502800 [22,5,6,24,10,8,15,16,14,11,18,19,7,9,20,12,4,17,2,13,1,3,21,23]
318504603 [34,3,5,18,31,29,16,21,4,17,8,14,20,27,28,1,10,23,33,24,13,7,19,2,6,30,26,12,32,22,9,15,25,11]
319280701 [3,1,7,6,4,5,2]
319414251 [3,1,5,2,4,6]
319495304 [2,5,7,3,6,4,1]
319568139 [2,6,4,7,1,3,5]
319645398 [6,1,2,5,3,4,8,7]
320053642 [12,6,14,3,16,15,9,13,11,10,5,7,4,8,1,2]
320069886 [4,6,3,5,1,2]
320077889 [18,14,16,9,17,21,15,12,3,13,10,5,6,2,8,7,11,1,20,19,4]
320255127 [4,2,5,7,6,12,3,8,13,14,11,9,1,10]
320264724 [1,16,7,6,14,2,3,10,13,15,12,5,8,4,9,17,11]
320300640 [2,12,1,17,10,4,7,6,15,8,13,9,5,14,3,16,11]
321193166 [5,2,4,3,1,6]
321246357 [9,3,1,11,2,6,13,12,5,10,7,4,8]
321250644 [1,3,4,5,7,2,6]
321254325 [1,4,3,2,5,6]
321797620 [5,4,6,1,3,2]
322167521 [3,8,6,5,1,4,2,7]
323296396 [34,22,32,28,12,20,6,7,16,2,27,1,8,11,23,35,14,29,25,21,18,5,26,4,36,10,33,13,24,9,19,31,30,15,17,3,37]
324027699 [4,8,10,7,3,6,5,1,2,9,11]
324041341 [3,8,6,7,5,2,1,4]
324630318 [4,3,9,8,2,7,11,1,5,12,10,6]
325256502 [3,5,1,4,2]
325256503 [6,5,2,1,7,4,3]
325297860 [5,4,1,7,2,3,8,6]
325938841 [3,5,2,4,1]
325951388 [1,5,2,6,3,4]
326007051 [6,7,8,1,10,4,5,2,9,3]
326008290 [1,3,5,6,2,4]
326031111 [2,6,3,4,1,5]
326491734 [1,2,4,3,6,5]
327088415 [2,6,5,1,7,3,4]
327881878 [6,3,4,7,2,1,5,8]
328505198 [3,2,1,4,5,6]
329883722 [6,4,2,1,7,3,5]
329988989 [1,4,2,5,6,3]
330008996 [2,1,8,6,3,4,7,5]
330594702 [10,1,6,5,2,16,7,12,11,9,14,4,17,8,3,13,15]
331158957 [4,3,1,5,7,6,2]
331177190 [5,3,1,4,2]
331230554 [7,8,9,1,6,4,3,10,5,2]
331281670 [8,1,6,4,3,2,5,9,7]
331284497 [2,3,1,4,5]
331287027 [3,5,6,4,2,1]
332344838 [5,4,2,3,1]
332907032 [32,36,35,18,4,26,19,29,2,3,24,7,10,17,22,16,9,27,25,14,12,1,28,23,6,20,33,8,21,31,13,11,5,15,34,30]
333146436 [7,3,8,4,1,6,5,2]
333184514 [1,2,11,5,3,12,9,13,7,10,6,8,4]
333474752 [3,5,6,4,2,1]
333481719 [3,9,21,4,8,7,13,11,20,18,19,17,5,12,2,14,15,10,1,6,16]
333677912 [26,9,15,19,17,8,10,2,25,14,5,3,1,13,23,11,20,6,16,21,7,4,12,27,22,24,18]
334287501 [15,17,4,9,22,5,10,2,1,6,16,14,11,20,12,13,24,18,19,3,21,25,7,23,8]
334292249 [9,7,2,3,8,5,1,6,10,4]
334360258 [34,16,37,23,36,19,7,5,27,6,22,15,14,12,24,10,30,2,31,28,11,9,1,18,29,8,17,38,35,3,26,25,33,32,13,21,20,4]
334505173 [3,9,8,4,2,1,6,7,5,10]
334571683 [1,6,4,2,7,5,3]
334610789 [4,1,3,5,2]
334804301 [1,2,3,5,6,4]
335122137 [3,5,2,4,1]
335128187 [1,4,14,13,9,5,3,11,7,6,10,12,2,8]
335199151 [5,1,3,2,4]
335204129 [7,8,5,3,4,6,2,1]
335227212 [5,7,9,6,3,12,1,10,2,4,11,8]
335790480 [35,2,26,31,5,17,30,3,34,19,10,28,12,36,29,37,38,24,15,4,7,32,25,22,23,14,20,18,33,1,11,9,6,21,13,8,27,16]
335870571 [12,28,30,27,31,36,37,19,14,29,15,6,5,23,40,32,16,9,24,34,18,1,20,11,25,4,2,33,38,13,3,26,41,8,35,21,22,17,39,10,7]
335927384 [1,4,2,3,5]
336088813 [9,6,5,8,3,2,13,1,7,10,4,12,11]
336592211 [3,4,5,6,2,1]
336896767 [8,2,5,7,4,6,1,3]
336914863 [3,5,4,1,2]
337143990 [3,5,2,7,1,4,6]
337153147 [2,8,6,12,10,14,5,4,9,7,1,3,11,13]
337478400 [1,5,4,3,2,6,7]
337538976 [6,3,11,5,8,2,9,10,13,14,12,4,7,1]
337660433 [3,8,7,6,2,5,1,4]
337961898 [3,4,2,1,5]
338082395 [6,9,13,11,16,14,15,7,1,12,5,3,18,2,8,4,17,10]
338166279 [6,18,12,14,16,17,2,21,9,1,7,4,10,22,3,5,13,20,19,8,15,11]
338175736 [4,7,3,2,5,1,6]
338444595 [2,13,11,3,16,15,9,1,8,12,6,10,7,4,5,14]
339470502 [7,2,9,3,10,8,5,6,1,4]
340105289 [12,2,1,9,11,13,3,6,14,8,7,10,5,4,15]
340108419 [11,3,4,13,7,6,2,8,14,15,10,12,9,5,1]
340185148 [13,5,27,12,23,15,28,14,19,26,16,17,21,25,18,4,3,24,6,30,1,20,22,11,2,29,9,8,7,10]
340190879 [4,5,1,6,3,2]
340209917 [3,5,2,1,4]
340252452 [2,7,3,1,6,8,5,4]
340400577 [1,3,4,2,5]
340597570 [2,4,5,1,6,3]
341225770 [4,5,3,1,2]
343857385 [8,3,10,6,5,1,2,4,9,7]
344063078 [1,4,6,2,5,3]
344092101 [4,5,7,8,3,1,2,6]
345040620 [3,5,2,4,1,6]
345164985 [1,5,8,6,4,3,2,7]
346012963 [4,1,5,6,8,3,7,2]
346780083 [5,1,2,4,3]
347067680 [4,9,7,15,14,5,6,2,11,13,3,8,10,16,12,1]
347174895 [3,2,1,5,4]
347240123 [18,8,11,3,6,9,15,13,10,7,2,1,19,20,4,12,17,5,16,14]
347649674 [2,3,6,7,1,5,4]
347709321 [3,4,6,9,5,10,8,7,2,1]
348056129 [1,2,7,8,9,5,3,6,10,4]
348828531 [3,6,5,1,4,2]
349075485 [6,5,7,2,4,1,3]
349085757 [1,15,2,13,4,7,6,3,9,11,5,10,8,14,16,12]
349195538 [8,6,5,7,3,1,4,2]
349566753 [2,15,16,14,11,6,25,9,5,7,27,10,29,24,18,30,12,23,28,20,3,22,8,26,1,19,13,4,17,21]
349568337 [2,4,5,1,6,3]
350026463 [1,4,7,3,8,5,6,2]
350079107 [5,10,2,9,3,8,6,7,4,1]
350338062 [7,20,16,14,2,19,1,4,24,22,23,17,6,18,3,12,15,13,5,10,8,9,11,21]
351291983 [6,1,7,5,3,2,4]
351467605 [1,12,3,17,18,9,11,13,2,4,8,10,7,5,16,6,15,14]
351807414 [1,4,5,3,6,2]
351916788 [8,5,6,7,10,1,12,4,9,2,3,11]
351953513 [1,4,2,5,3]
352354058 [20,2,19,1,18,3,11,23,10,7,14,17,12,21,6,9,16,15,22,8,13,5,4]
352765003 [3,18,19,13,1,14,7,2,10,8,17,5,15,6,11,12,4,9,16]
352979018 [3,2,1,4,6,5]
353003897 [4,1,5,2,3]
353065820 [6,12,7,13,11,4,10,14,9,5,15,3,8,2,1]
353120932 [4,10,11,1,2,8,13,3,12,9,5,7,6]
353224491 [2,4,1,6,3,5]
353390229 [1,4,9,6,2,8,3,5,7,10]
353860051 [4,17,1,8,15,6,2,12,7,14,10,18,9,13,3,11,5,21,16,20,19]
353866725 [6,1,5,2,7,4,3]
353904786 [9,8,2,6,5,7,3,4,1]
353906697 [21,24,17,31,2,25,15,18,35,38,48,4,1,28,46,8,30,36,45,27,47,34,26,16,22,23,42,13,10,44,9,32,11,33,5,19,3,29,37,6,40,20,39,12,43,41,7,14]
354783808 [18,12,2,15,3,19,7,8,20,14,16,9,5,6,1,4,13,10,21,11,17]
354798920 [4,2,5,1,3]
354966767 [11,5,7,4,2,6,10,3,14,8,1,12,13,15,9]
354972425 [1,3,6,5,4,2]
355079296 [1,3,4,2,6,5]
355141185 [3,6,1,2,4,5]
355420623 [6,10,14,2,12,7,4,16,1,11,13,5,3,8,15,9]
355430428 [12,8,14,3,6,1,7,13,4,10,9,5,2,11]
355438925 [3,4,2,5,1]
355958353 [8,7,5,6,2,9,3,4,1]
355968675 [4,2,3,1,5]
355983344 [30,55,43,7,50,51,10,36,40,2,39,24,41,31,12,44,21,34,29,53,26,18,56,3,33,8,15,16,9,47,58,32,25,35,49,45,4,28,11,38,22,19,48,27,1,23,46,54,17,5,52,14,57,6,20,37,42,13]
356051883 [2,4,3,5,6,1,7]
356328571 [4,5,3,6,1,2,7,10,8,9]
356348454 [8,7,1,5,3,10,2,9,4,11,6]
356378576 [19,11,3,16,9,8,20,15,7,1,5,2,4,6,18,10,14,12,13,17]
356378712 [4,6,2,7,5,1,3]
356378906 [17,9,5,12,19,13,4,7,6,10,15,3,14,16,18,8,11,1,2]
356485597 [3,1,2,4,5]
356550692 [13,18,19,15,12,11,14,1,5,10,4,6,17,3,16,7,2,9,8]
356784160 [56,14,21,33,13,6,1,30,58,3,22,39,36,51,31,34,52,10,54,32,4,42,9,40,41,16,8,23,53,5,44,38,49,24,17,28,37,29,7,12,35,59,60,18,47,43,11,50,26,61,57,2,15,27,55,20,45,25,19,46,48]
356901967 [5,1,8,2,4,3,6,7]
356916995 [4,6,8,2,1,7,5,3]
356996777 [4,6,3,7,2,1,5]
357209563 [8,2,6,3,7,4,1,5]
357358774 [18,13,11,8,1,15,19,16,21,9,10,7,14,2,6,5,3,12,20,4,17]
357447460 [5,2,3,4,1]
357477942 [2,3,1,4,5]
357478255 [6,9,10,3,4,8,7,2,1,5,11]
357529200 [10,8,2,3,6,5,9,7,4,1]
357566151 [6,4,1,2,3,5]
357576888 [6,13,7,4,3,2,9,12,10,8,1,11,5,14]
357722360 [1,6,4,3,5,2]
357872103 [5,9,14,16,4,6,2,13,10,12,1,7,8,15,3,17,11]
357949487 [5,2,6,1,7,3,4]
358846978 [22,4,20,14,12,26,11,19,7,17,27,5,1,18,2,6,23,28,16,15,21,8,9,3,13,10,25,24]
359075268 [2,6,1,5,3,4]
359358389 [7,13,12,18,14,16,6,5,15,4,11,8,9,1,10,17,3,2]
359888304 [1,3,2,7,5,4,8,6]
359906698 [5,1,2,4,3]
360197270 [5,2,3,1,4]
360565416 [3,13,15,1,8,11,10,9,14,5,16,7,4,6,2,12]
360578176 [1,9,2,3,4,6,10,5,7,8]
360582468 [3,2,9,7,5,1,4,6,8]
360867326 [9,6,3,10,5,8,2,7,1,4]
361178004 [6,7,11,10,4,12,3,1,2,8,5,9]
361198083 [4,5,2,6,3,1]
361209122 [3,2,7,1,4,5,8,6]
361269175 [2,5,1,4,3]
361284403 [1,4,3,2,5]
361675792 [4,3,6,1,2,5]
361849129 [1,9,8,5,7,3,4,2,6]
361875530 [8,6,1,10,3,5,2,9,4,7]
362584213 [2,18,12,4,11,8,6,7,16,14,13,17,1,15,10,3,5,9]
362744720 [1,3,2,4,5]
362944704 [1,5,2,4,3]
362968826 [4,13,17,10,5,1,12,3,8,9,15,14,2,6,11,18,16,7,19]
363000107 [9,3,1,7,11,10,4,8,2,6,5]
363994167 [7,1,6,4,2,3,8,5]
364672132 [3,14,12,18,5,7,19,17,4,6,2,23,1,10,9,8,24,20,22,15,21,16,13,11]
364803547 [12,21,3,11,16,4,6,14,20,10,1,5,7,19,8,18,13,17,2,9,15]
365181756 [4,3,5,2,1]
365241854 [2,5,1,20,23,21,22,18,13,10,12,4,19,9,15,24,11,14,8,17,25,6,3,7,16]
365799181 [9,5,4,8,6,2,3,7,1]
365886256 [10,4,13,5,9,3,8,1,6,11,7,2,12]
366518277 [3,2,6,1,8,7,10,4,9,5]
366594213 [3,4,2,1,6,5]
366596984 [9,2,8,6,3,1,11,10,4,5,7]
366616926 [2,3,4,5,1]
366724202 [6,1,5,7,3,2,4]
367216742 [10,4,1,11,7,6,2,5,9,3,8]
367401018 [12,13,7,10,4,9,6,3,5,11,2,1,8]
367880591 [1,4,5,3,2]
367905761 [7,17,3,18,16,6,13,1,10,4,5,14,2,11,12,8,15,9]
367979854 [5,4,2,10,6,8,9,11,1,3,7]
368378516 [5,1,4,3,6,2]
368441203 [3,6,2,4,5,1]
368540527 [4,5,2,3,1]
369339073 [4,1,2,6,5,3]
369356676 [15,1,3,5,6,2,9,16,13,4,10,8,11,12,14,7]
369765385 [1,5,2,4,3]
369787113 [11,7,9,12,8,2,4,10,5,3,1,6]
369788575 [1,3,7,6,2,8,5,4]
369824650 [6,5,2,4,1,7,3]
369929858 [4,3,10,6,5,7,11,1,2,8,9]
370298511 [6,1,3,4,11,10,12,2,13,9,7,8,5]
371070498 [2,4,5,3,1]
371102865 [3,2,4,1,6,7,5]
371103840 [1,19,20,2,9,11,3,24,10,16,14,25,18,7,15,21,22,5,6,4,12,23,17,8,13]
371240968 [5,3,2,1,4,6]
371741470 [26,18,20,5,13,12,11,21,16,19,10,23,14,27,1,6,9,3,17,25,8,22,2,4,24,7,15]
371748851 [4,11,3,6,7,10,9,1,8,2,12,5]
371814041 [17,13,20,27,11,24,3,29,6,21,5,1,4,14,8,28,15,12,16,26,22,7,23,18,19,9,25,10,2]
371875862 [3,2,6,4,1,5]
372598906 [4,7,1,2,3,5,6]
372613911 [7,10,6,2,9,5,1,15,16,11,8,4,3,14,12,13]
372684788 [6,2,7,4,5,1,3]
372820867 [3,1,2,9,7,10,5,6,4,8]
373512998 [8,9,7,4,3,5,10,2,6,1]
373853039 [5,1,3,4,2]
373857471 [13,16,5,22,17,11,6,15,3,14,21,20,19,2,7,9,4,18,10,12,8,1]
373928660 [3,12,1,13,11,6,4,5,8,10,2,9,7]
373928676 [7,1,8,2,10,6,3,9,5,4]
374376970 [14,5,2,7,1,6,3,13,11,8,10,9,4,12]
374414326 [1,4,5,6,2,3]
374437439 [3,11,9,13,12,7,1,6,10,16,14,15,2,8,5,4]
374614847 [4,1,5,6,2,3]
375048127 [3,5,4,1,2]
375120563 [1,5,4,10,8,6,3,7,9,2]
375190585 [3,9,5,7,10,1,11,12,6,2,8,4]
375199199 [8,5,9,3,2,6,7,1,10,4]
375641284 [8,2,11,13,10,4,12,6,5,7,9,3,1]
375785255 [3,1,4,2,5,6]
375788111 [15,12,11,9,13,1,7,4,14,5,6,8,10,3,2]
375814928 [9,12,7,1,4,8,13,6,14,2,10,5,3,11]
376024785 [10,5,16,2,11,4,15,8,13,6,3,1,14,9,7,12]
376036724 [8,2,10,7,6,11,9,4,12,5,1,13,3]
376305129 [9,3,7,11,6,10,1,4,2,12,5,8]
376336131 [15,30,7,25,18,12,6,27,5,31,10,11,19,28,2,9,23,1,20,17,29,8,14,16,3,22,26,4,21,24,13]
376464705 [2,14,15,12,10,1,3,5,4,13,11,8,9,7,6]
376478765 [4,2,1,3,5]
377212109 [4,5,3,1,2]
377227473 [3,2,5,1,4,6,7,8]
377228594 [10,3,5,9,4,12,11,15,1,6,2,7,8,13,14]
377249063 [1,2,6,3,5,4]
377314579 [3,13,8,14,2,9,4,6,10,12,15,11,1,5,7]
377333450 [3,6,7,5,2,4,1,8]
377830191 [5,2,6,4,7,1,3]
377972892 [1,2,3,4,5]
378840208 [8,7,5,10,6,1,3,14,4,13,11,12,2,9]
379024839 [1,5,2,4,3]
379034535 [4,13,11,5,2,8,3,6,9,10,14,12,7,1]
379099009 [3,8,9,4,2,6,10,7,5,1]
379139833 [4,2,1,6,3,5]
379585621 [5,7,3,1,9,2,6,8,4]
379668560 [3,11,2,32,8,12,30,25,27,19,15,5,4,7,21,1,29,22,13,33,20,18,23,17,16,6,10,31,26,28,9,24,14]
380064586 [14,16,19,6,12,4,9,3,10,15,5,17,7,20,8,11,13,2,1,18]
381586411 [18,8,19,17,6,4,10,14,2,16,13,20,7,5,12,15,11,9,3,1]
382520107 [2,4,3,5,1,6]
382563158 [18,25,26,34,48,1,16,5,3,52,9,50,54,2,37,41,43,7,21,46,57,39,56,4,23,27,28,38,51,20,32,10,30,15,36,6,49,17,24,12,31,14,42,33,19,58,13,55,11,44,53,45,35,29,8,40,47,59,22]
383244600 [3,1,2,6,5,4]
383322785 [7,3,1,4,6,8,5,2,9]
383485407 [15,13,9,4,8,14,1,7,5,16,3,11,2,12,10,6]
384914069 [8,7,10,4,11,12,3,2,1,14,13,9,5,6]
384970028 [3,8,7,1,4,5,9,2,6,10]
385680213 [4,6,5,3,1,2]
385759827 [4,6,8,9,1,7,10,13,14,12,2,3,11,5]
386038070 [5,21,11,13,12,20,10,6,15,9,17,8,23,2,1,4,7,16,14,22,18,3,19]
386076280 [8,3,7,6,5,1,9,4,2]
386814714 [2,1,5,6,7,4,3]
387109797 [4,1,7,8,3,2,6,5,9]
387113055 [1,5,3,2,4]
388766507 [3,5,4,2,6,1]
388769630 [1,5,2,4,3]
388881953 [9,12,3,10,2,6,11,4,1,5,8,7]
389034433 [6,8,2,4,5,9,7,3,1]
389095574 [2,1,6,4,5,3]
389708200 [6,2,3,5,4,1,7]
390745091 [2,6,14,8,4,17,1,11,9,13,15,16,5,3,7,10,12]
391810002 [11,6,2,16,1,8,10,3,12,15,4,13,17,7,18,5,19,14,9]
391961409 [4,5,24,11,18,20,14,22,7,23,19,6,3,13,12,10,8,16,1,9,15,17,21,2]
391972141 [5,2,7,6,4,1,9,3,8]
392305985 [10,8,20,7,11,3,18,13,19,15,9,17,5,16,4,21,1,6,2,12,14,23,22]
392649595 [14,9,30,25,16,11,7,32,12,10,24,8,28,1,5,21,20,31,29,35,18,36,17,19,6,22,27,34,26,15,3,33,37,23,2,13,4]
392690021 [8,1,9,6,3,2,5,7,4]
392735731 [3,5,4,2,1]
392789012 [4,1,8,6,2,5,3,7]
392837250 [2,4,5,6,1,3]
393015538 [2,6,5,8,7,1,9,3,4]
393018431 [9,10,2,7,5,11,4,8,1,6,3]
393036437 [5,8,6,1,2,4,11,3,7,9,10]
393341530 [6,7,14,3,13,16,11,5,9,10,15,12,8,4,1,2]
393601938 [4,10,1,12,2,11,8,6,3,9,5,7]
393604516 [10,21,27,16,4,9,24,29,28,8,18,17,30,20,13,11,15,23,25,6,2,3,14,1,5,19,26,22,7,12]
393738980 [8,5,11,9,12,7,3,6,1,10,4,2]
393938534 [4,6,1,5,7,2,3]
394072962 [5,4,1,2,3]
394126184 [1,2,3,4,6,5]
394163593 [1,15,5,20,17,18,14,21,10,16,11,22,9,6,13,4,3,2,19,12,7,8]
394274381 [4,2,1,3,5]
394677163 [1,9,2,5,3,7,4,8,6]
394979437 [1,2,10,7,8,4,11,3,9,5,6]
395019871 [5,26,19,9,3,23,8,14,16,13,25,27,24,2,22,6,17,21,12,7,4,11,1,15,20,18,10]
395021079 [6,5,1,7,2,4,3]
395615526 [2,5,4,1,3]
395668721 [4,6,1,3,7,2,5]
395715560 [3,5,1,7,2,6,4]
395742515 [13,4,5,2,12,11,3,1,7,6,9,15,10,8,14]
395754982 [11,7,3,16,8,9,6,4,21,15,10,1,5,22,17,13,19,2,20,12,14,18]
395931183 [10,14,6,18,5,1,4,9,17,2,15,12,16,7,8,11,3,13]
396171580 [2,1,3,5,4]
396227211 [1,4,5,3,2]
396474405 [2,7,1,5,8,4,3,6]
396655882 [50,58,23,54,51,24,7,32,31,35,60,3,40,55,41,43,20,26,46,1,38,5,19,28,14,61,6,15,47,45,34,8,27,48,18,30,42,33,63,52,39,25,10,2,22,11,62,44,4,17,9,21,29,13,53,37,56,36,57,12,59,49,16]
396709757 [2,1,5,6,4,3]
396822348 [7,3,1,4,8,6,5,2]
396827363 [13,5,14,7,12,9,10,11,1,4,3,16,6,15,8,2]
396853618 [4,1,3,2,6,5]
396976187 [4,5,3,1,2]
397031011 [1,2,3,4,5]
397069066 [9,8,4,10,11,2,6,5,1,3,7]
397094170 [2,3,6,7,4,5,1]
397216926 [47,40,1,15,11,9,18,12,44,37,36,49,41,32,24,46,5,48,31,38,26,22,45,17,20,43,14,23,25,6,2,19,28,13,42,34,30,33,3,7,16,39,21,27,8,29,10,4,35]
397777691 [10,9,14,2,13,15,6,1,17,4,8,12,7,16,5,3,11]
397824435 [3,4,5,1,2]
397923724 [2,9,11,19,15,12,10,1,16,8,4,18,3,14,6,20,13,5,7,17]
397967964 [1,4,5,3,2,6]
398272535 [27,15,28,9,13,12,16,11,19,3,4,31,2,33,26,22,7,30,23,5,1,34,25,18,10,6,24,35,21,17,8,20,14,32,29]
398280429 [3,5,4,2,1]
398333300 [2,3,1,6,5,4]
398341868 [3,7,4,2,1,5,6]
399002938 [7,1,14,15,11,8,13,3,5,12,9,2,10,4,6]
399013930 [13,3,2,15,8,14,10,9,12,4,11,18,16,7,1,20,5,19,6,17]
399188530 [2,7,6,4,1,5,3]
399207234 [2,8,7,11,5,3,10,6,4,1,9]
399498215 [1,3,5,4,2]
399516367 [5,1,4,3,2]
399765096 [3,5,1,4,2,7,6]
399768411 [2,14,8,12,3,13,10,11,1,15,6,4,16,9,18,5,17,7]
399865496 [7,5,4,1,2,6,3]
399877677 [2,7,9,4,6,8,1,5,3]
399884881 [6,4,2,5,3,1]
400952140 [13,18,20,15,3,1,9,22,17,6,10,4,2,5,16,12,7,21,11,8,19,14]
401009838 [4,3,9,1,6,5,2,7,8,10]
401753023 [37,12,25,21,33,16,14,5,34,3,32,18,11,15,13,20,1,22,28,6,4,24,26,30,23,17,8,27,10,31,2,36,19,29,7,9,35]
401762258 [1,4,6,5,3,2]
402863590 [4,7,3,5,6,1,2]
405151712 [6,2,1,8,4,5,9,3,7]
405151720 [16,6,9,12,3,1,17,5,7,2,8,11,14,4,10,18,13,15]
405189109 [6,2,5,3,1,4]
405395140 [4,1,6,3,5,7,2]
405461707 [4,1,3,2,6,5]
405575654 [2,5,1,3,4,6]
405721534 [1,5,2,4,3,6,7]
405732089 [5,4,6,3,2,1]
405748987 [3,1,6,4,5,2]
405751617 [4,6,10,3,2,5,12,1,11,13,7,8,9]
406682226 [3,12,10,7,1,5,6,4,11,9,8,2]
406703819 [3,2,4,1,5]
407410303 [8,2,7,11,1,3,4,6,10,5,9,12]
407707249 [6,8,2,10,4,1,9,7,3,5,11]
408050408 [15,13,14,10,11,2,9,3,7,4,16,6,5,12,8,1]
408512667 [7,11,4,9,8,6,2,12,5,3,10,1]
409005063 [1,2,3,5,4]
409111291 [4,2,12,5,11,10,3,6,1,14,9,7,8,13]
409410868 [4,1,5,2,3]
409514318 [14,1,8,7,4,3,12,5,9,10,13,11,2,6]
409737894 [3,5,8,4,2,6,7,1]
409816615 [5,8,6,2,12,9,11,4,1,7,3,10]
410597633 [1,3,2,4,5,6]
411092177 [6,9,10,5,4,3,1,2,7,8]
411317401 [2,3,10,4,9,6,5,7,8,1,11]
411461307 [1,3,8,2,6,5,7,4,9]
411633203 [2,5,4,1,6,3]
411640738 [3,11,9,10,12,20,2,23,14,19,16,7,15,13,4,21,18,8,5,6,17,1,22]
411717097 [9,2,10,1,3,4,6,5,7,8]
411889619 [4,5,2,8,10,1,3,6,12,7,9,13,11]
411894992 [5,6,3,1,4,2]
412327420 [3,7,6,10,4,9,5,1,8,2,11]
412502163 [1,6,3,5,4,2]
413007396 [4,7,11,10,6,12,2,8,5,3,9,13,1,14]
413023810 [2,4,5,3,1]
413117137 [2,5,4,6,3,1]
413538251 [3,5,7,2,1,6,4]
413684657 [1,14,12,11,13,4,10,7,16,18,9,8,15,2,17,5,6,3]
413700303 [1,8,7,6,2,3,4,12,11,10,13,5,9]
413905983 [1,6,3,7,5,4,2]
414237774 [10,2,11,1,7,4,9,12,5,6,8,3]
414245151 [3,2,4,1,5]
414379475 [1,4,5,2,6,3]
414490444 [5,4,2,3,1]
414492637 [4,3,5,2,1,6]
414496467 [1,9,10,7,8,3,5,2,6,4,11]
414538347 [12,26,16,6,5,8,22,23,4,18,19,24,10,1,11,20,21,14,7,9,15,13,2,3,17,27,25]
414563768 [2,8,9,5,1,7,3,4,6]
414587463 [4,3,1,5,2]
414728778 [4,3,2,5,1]
415363921 [3,5,1,4,2]
415541260 [13,5,19,7,17,3,11,15,6,26,9,23,28,2,29,20,18,27,1,8,25,22,10,14,4,16,12,24,21]
415574485 [3,5,1,4,2,6]
415646945 [1,2,3,6,5,4]
415824017 [6,1,4,7,8,3,2,5]
415825010 [5,8,7,6,1,9,10,4,13,11,2,3,12]
416019301 [19,4,17,3,18,13,12,1,10,16,11,14,15,7,5,8,2,9,6]
416068817 [2,1,5,7,8,4,3,6]
416620345 [2,1,3,5,4]
416652935 [3,9,19,15,1,4,16,11,10,6,14,7,12,8,17,5,20,18,13,2]
416709321 [3,5,11,10,7,13,1,2,9,6,8,12,4]
416746380 [6,4,1,2,5,7,3]
416976631 [3,5,4,2,1]
417084170 [3,10,2,8,13,4,7,1,11,5,12,6,9]
417092385 [8,5,1,9,7,10,6,2,3,4,11]
417183513 [1,5,4,3,2]
417505985 [7,3,2,5,4,6,1]
417505989 [17,16,1,9,12,15,11,8,5,2,3,4,7,14,10,18,13,6]
417526703 [2,4,5,6,1,3]
418101619 [5,2,3,4,1]
418176680 [4,5,2,6,1,7,8,9,3]
418853302 [12,19,20,7,2,3,18,22,14,6,25,24,15,4,11,1,13,21,23,8,5,9,17,16,10]
418984791 [12,2,5,9,13,4,11,8,14,6,1,16,15,10,3,7]
419414664 [20,26,27,8,1,18,16,14,19,5,9,11,17,10,25,15,7,21,24,13,3,12,2,4,22,23,6]
419474002 [4,5,7,6,2,1,3]
420200385 [7,5,6,8,4,3,2,1]
420856058 [2,1,5,3,4,6,7]
421420563 [2,1,3,4,5]
421465333 [4,2,3,1,5]
421980176 [4,2,5,1,3]
422042082 [10,16,18,7,4,1,23,12,13,21,5,14,15,6,11,22,8,17,24,3,9,20,19,2]
422045031 [5,6,3,2,8,4,1,7]
422062799 [10,14,15,7,1,5,3,17,11,6,4,9,16,12,13,2,8]
422429139 [2,3,6,1,4,5,7]
423222132 [9,3,6,1,5,7,8,10,2,4]
423258252 [3,4,2,6,1,5]
423770416 [6,2,5,7,3,4,1]
424216925 [3,2,7,8,5,1,4,6]
424302079 [2,4,1,3,5,6]
424422505 [3,8,4,2,5,9,7,1,6]
424920259 [6,2,5,3,4,1]
425088561 [1,2,4,3,6,5]
425531854 [13,42,2,22,53,28,33,48,49,5,21,19,3,31,6,8,14,41,18,24,46,45,40,1,23,38,7,37,29,27,16,10,25,51,9,35,11,30,47,52,26,12,44,15,39,20,17,32,4,43,34,36,50]
425978100 [6,3,1,4,5,8,2,7]
426212996 [6,5,4,1,2,3,7,12,13,9,8,11,10]
426367650 [4,3,5,2,1]
426404293 [7,3,1,8,2,9,5,6,4]
427471984 [21,9,2,3,14,19,11,22,1,5,15,24,6,7,4,10,29,26,20,17,8,25,16,13,23,12,28,27,18]
428437151 [7,1,9,4,2,3,6,8,5]
428511450 [7,14,1,9,16,6,10,11,12,2,13,15,3,8,5,4]
429124648 [2,4,3,5,1]
429149700 [3,2,1,6,5,4]
429205509 [6,5,14,8,1,4,9,13,2,7,12,3,10,11]
429885332 [5,4,1,2,3]
430092864 [3,2,6,5,4,8,1,7]
430400212 [3,6,13,12,9,4,14,2,5,17,16,8,15,10,1,11,7]
430462829 [6,11,7,9,1,4,10,5,3,2,8]
430486907 [5,4,3,2,1]
431066477 [7,6,9,2,10,5,4,8,3,11,1]
431079622 [7,8,2,1,5,6,3,4]
431113006 [20,40,12,5,21,54,49,32,57,16,50,62,46,36,1,10,45,13,15,47,25,59,52,58,42,51,27,9,34,7,6,43,3,33,8,60,17,55,19,29,18,39,23,30,53,31,4,28,14,2,61,37,44,38,35,26,48,22,41,56,11,24]
431629073 [3,4,6,1,5,2,7]
431706086 [1,4,3,2,5]
431800421 [5,4,3,2,6,1]
432088810 [3,1,5,6,2,4]
432425082 [8,5,13,6,4,9,12,3,11,1,2,10,15,14,7]
432487569 [3,5,4,1,2]
433010423 [7,3,2,5,4,6,1]
433086302 [18,14,1,23,29,12,20,28,5,4,21,11,2,3,19,13,30,15,9,16,6,27,17,22,26,25,24,31,7,8,10]
433760549 [11,5,8,10,6,9,3,7,2,4,1]
433761475 [5,1,4,3,2,6]
433766595 [2,4,6,5,1,3]
433776506 [1,5,8,7,6,3,2,4]
433824394 [8,5,4,3,9,6,1,7,2]
433825391 [3,7,5,4,22,18,6,16,21,9,13,1,10,11,20,19,2,15,8,17,12,14]
433963436 [1,16,6,19,7,10,27,4,28,23,24,15,17,9,29,5,13,12,18,22,3,11,31,20,25,21,8,14,26,30,2]
433969758 [1,3,10,9,11,2,4,5,6,7,8]
434121177 [8,3,5,9,7,4,6,1,2]
434220233 [3,14,13,1,4,7,2,19,12,5,9,17,6,11,18,21,15,20,16,8,10]
434278679 [3,5,7,6,9,8,1,4,2]
434510636 [10,8,2,3,6,4,11,7,9,1,5]
434588031 [8,5,3,2,4,7,6,1]
434679156 [1,2,3,5,7,8,6,4,9]
434680289 [2,6,3,4,7,5,1]
434684071 [6,1,10,4,9,3,7,5,2,8]
434686460 [1,5,3,6,4,2]
434697915 [5,24,18,23,2,22,8,14,3,20,28,12,1,7,15,9,27,25,13,11,26,19,17,16,10,6,21,4]
435135823 [2,4,1,3,6,5]
435143474 [1,8,10,2,9,3,16,12,7,6,4,11,13,15,14,17,5]
435276853 [5,6,3,4,2,1]
435406069 [2,9,3,5,8,1,7,10,4,6]
436104059 [4,2,1,3,6,5]
437247732 [4,5,6,7,2,3,1]
437254810 [11,3,8,1,7,10,2,6,9,4,12,5]
437837135 [7,13,10,4,3,6,2,9,11,14,15,12,8,5,1,16,17]
437884552 [3,2,1,4,5]
437941968 [5,7,10,9,4,3,6,8,2,1]
438096210 [4,1,2,5,3]
438114522 [5,6,2,4,3,1]
438127978 [6,2,3,4,1,5]
438177740 [6,1,4,3,2,5]
438251643 [1,5,2,3,4]
438873074 [2,4,5,12,1,10,3,8,7,6,11,9]
439842183 [7,4,6,3,1,9,2,8,5]
440050335 [2,10,7,9,1,3,5,4,11,8,6]
440169683 [2,5,1,3,4]
440192420 [20,9,11,15,3,13,18,8,21,5,16,12,4,7,14,22,2,1,23,6,19,10,24,17]
440389659 [25,2,4,19,13,23,7,6,20,5,16,17,21,18,10,9,3,22,26,24,8,15,14,12,1,11]
440491308 [5,1,3,2,4]
441409346 [8,12,4,11,3,5,13,9,7,10,6,2,1]
441781090 [5,6,8,9,16,15,23,20,11,19,18,22,26,27,7,29,1,13,25,4,21,10,17,3,14,28,12,24,2]
441782452 [8,3,30,29,26,23,4,5,2,19,7,28,25,12,18,10,20,15,17,24,9,21,11,22,6,27,1,14,13,16]
441785162 [3,1,22,15,21,19,13,8,20,11,14,24,4,23,2,6,5,12,9,18,16,17,7,10]
443370605 [4,8,1,5,6,2,3,7]
443404547 [5,1,2,6,3,4]
443454606 [12,10,5,6,1,8,11,3,2,7,4,9]
443849296 [7,1,2,5,4,3,6]
444279368 [4,6,9,11,1,8,13,5,14,10,12,3,7,2]
444400486 [3,5,8,4,1,2,7,6]
444606470 [5,3,2,4,1]
444797877 [6,5,4,1,2,3,7]
445042895 [5,6,3,2,4,1]
445181464 [3,6,13,9,7,2,1,8,12,11,5,4,10]
445192101 [3,29,23,17,11,20,2,12,16,36,10,4,24,14,35,19,22,33,32,6,18,1,5,21,31,7,9,25,13,34,15,28,30,26,8,27]
445270877 [8,1,6,4,5,7,3,2]
445387839 [25,14,18,12,3,22,9,11,27,7,13,19,6,26,4,16,23,24,8,21,28,20,5,10,17,15,1,2]
446284580 [10,2,9,18,12,1,4,15,19,11,8,21,7,5,16,13,20,17,6,14,3]
446769057 [1,5,3,8,9,2,7,4,6]
446928073 [2,3,5,4,6,7,1]
446951540 [10,5,7,3,1,4,8,2,12,6,9,13,11]
447489555 [4,7,3,2,1,6,5]
447508567 [1,3,2,4,5]
448324846 [7,2,8,1,4,3,6,5,9]
448405502 [2,7,5,9,11,10,8,3,12,4,1,13,6]
449311089 [3,1,5,4,6,2,7]
449449062 [3,13,11,8,9,2,4,7,12,5,1,10,6]
449474372 [37,14,21,22,35,17,10,26,33,7,6,29,18,31,27,11,36,5,3,32,23,19,8,16,20,13,4,24,28,25,15,1,34,30,12,2,9]
450264688 [2,3,6,7,5,4,1]
450449109 [6,8,5,3,4,2,7,1]
450603750 [5,3,1,4,2]
450716869 [8,7,5,9,2,1,6,4,3]
451045811 [21,4,25,3,30,32,5,29,22,15,13,17,24,26,1,8,28,23,16,11,9,10,27,20,14,19,12,2,31,6,7,18]
451428023 [9,6,1,10,7,5,2,4,8,3]
451442561 [14,7,12,1,11,9,2,8,4,15,3,17,10,6,16,5,13]
451863674 [1,3,5,2,4,6]
451891584 [1,4,2,3,5]
452662493 [4,1,5,2,3]
453215587 [1,6,3,5,2,4]
453248568 [5,13,18,1,6,21,19,17,16,10,9,20,12,15,8,7,14,3,2,4,11]
453589857 [5,3,2,4,1]
454182315 [35,8,6,14,23,39,13,18,43,36,12,17,9,38,3,25,27,22,24,7,41,45,19,32,42,44,16,34,11,21,40,10,30,26,37,28,20,15,29,31,46,4,5,33,1,2]
454222167 [2,1,4,8,7,9,6,5,3]
454310748 [14,16,12,10,9,4,17,5,8,2,7,13,1,11,15,18,3,6]
454323393 [8,1,2,4,5,7,6,3]
454350542 [2,3,4,1,5]
454353482 [1,14,6,10,7,5,8,3,2,11,4,12,13,9]
454355155 [9,5,10,3,13,8,4,2,12,11,1,6,7,14]
454679297 [6,3,1,2,4,7,5,8]
454790700 [4,6,3,1,2,5]
454828475 [4,1,3,5,2]
455016009 [16,11,7,6,13,12,5,8,2,1,3,18,17,14,4,10,19,15,9]
455056316 [13,5,16,17,18,10,11,3,6,7,15,14,4,2,1,12,8,9]
455585031 [22,17,18,8,13,21,4,12,20,7,15,1,6,9,3,14,10,11,5,2,19,16]
455665154 [6,11,3,10,5,4,7,1,9,2,8]
455665157 [4,5,3,1,2]
456290430 [7,1,5,6,4,3,2]
456339369 [2,15,7,3,11,13,8,4,10,12,6,1,14,9,5]
456594257 [16,17,6,14,8,7,9,2,5,15,10,13,3,11,18,1,12,4]
456599322 [20,12,18,4,16,2,10,24,15,22,13,7,9,3,17,6,19,14,5,11,8,23,21,1]
456640138 [1,3,4,5,2,6]
456679062 [3,1,4,2,5]
456682342 [24,7,2,4,17,14,9,22,25,28,10,6,1,11,23,12,18,5,3,19,15,8,27,20,16,26,21,13,29]
456684450 [2,1,5,3,4]
456694239 [2,9,8,3,4,7,6,1,5]
456760344 [16,15,3,7,1,10,2,12,6,11,4,9,8,13,14,5]
456764784 [1,3,2,5,6,7,4]
457112589 [9,6,2,16,7,21,23,5,4,12,20,19,18,15,14,10,3,22,11,1,17,8,13]
457631850 [12,2,9,10,16,11,3,14,8,17,7,1,5,4,18,13,15,6]
457647849 [2,4,5,1,3]
457655675 [4,2,5,1,3]
458410993 [8,11,14,4,3,7,9,5,2,12,13,1,10,6]
458438447 [4,3,1,10,6,5,2,7,9,8]
459506465 [12,4,9,14,11,5,13,3,8,1,2,10,7,6]
459531887 [10,11,6,7,2,8,5,3,1,9,4]
460096472 [9,2,1,7,10,4,3,6,5,8]
460868262 [13,10,8,11,12,6,7,2,3,9,1,5,4,14]
460973839 [2,12,8,17,4,15,7,16,10,14,5,6,9,1,18,3,13,11]
461030660 [5,3,4,2,6,1,7]
461257623 [2,4,1,5,3]
461362531 [9,3,11,4,1,2,7,6,10,5,8]
461366468 [2,7,8,5,3,10,6,9,11,4,1]
461848537 [7,5,4,6,1,8,3,2]
462843470 [2,4,3,1,5]
462843491 [5,6,8,3,9,2,4,7,1]
462935587 [3,1,7,5,2,6,4]
462977246 [11,8,10,3,2,7,4,13,5,9,1,12,6]
463063009 [5,6,3,2,7,4,1]
463077396 [1,3,8,7,4,6,5,2]
463077653 [2,6,11,8,9,5,3,10,1,4,12,7]
463630594 [6,9,1,3,7,8,13,10,12,11,2,4,5]
464276502 [5,4,2,3,1,6,7]
464886585 [6,3,5,2,1,4]
464906662 [2,3,4,5,6,8,1,7]
466319850 [7,3,1,2,4,6,5]
466424064 [3,2,1,5,4]
466856596 [2,12,8,3,5,7,11,10,1,14,13,6,9,4]
466995786 [5,3,6,2,1,7,4]
467006849 [7,5,6,2,8,9,1,4,3,10,11]
467158965 [5,1,4,2,3,6]
467176295 [8,2,4,10,7,6,5,11,3,9,1,12]
467205193 [2,5,1,4,7,6,3]
467208291 [2,4,3,1,5,6]
467211228 [4,2,3,1,6,7,5]
467217540 [3,6,4,1,5,2]
467784299 [6,4,1,2,5,3]
467793881 [5,12,6,7,2,13,8,3,11,9,1,10,15,14,4]
468402998 [3,12,1,7,13,11,14,8,2,5,6,4,9,10]
468413076 [6,3,2,5,1,4]
468440910 [5,2,4,3,1]
468504933 [3,5,1,4,2]
468780809 [13,10,6,5,12,9,2,8,14,4,1,7,11,3]
469224943 [3,5,2,1,4]
469237717 [4,10,2,9,11,6,7,5,3,8,1]
469241607 [6,1,3,4,2,5,7,8]
469257713 [7,6,1,2,4,3,5]
469718137 [5,4,1,3,2]
469718140 [4,3,1,7,2,5,6]
470123967 [15,26,34,2,4,3,6,30,13,14,28,37,21,9,31,29,33,17,1,16,22,10,40,23,25,18,19,12,27,20,35,32,8,24,41,36,39,7,5,11,38]
470240588 [30,4,18,21,33,24,20,7,1,17,9,5,16,31,23,32,10,28,19,22,26,29,3,15,27,25,35,14,12,34,6,11,8,2,13]
470283481 [6,3,2,4,1,5]
470296709 [1,4,5,3,2]
470393258 [10,14,13,8,19,11,16,12,2,1,5,17,3,9,20,7,18,6,15,4]
470619954 [6,2,5,3,4,1]
470935877 [4,2,5,3,1]
470959381 [5,2,3,4,1,6,7]
470991756 [4,6,5,3,1,8,7,2,9,10]
471122138 [5,7,3,2,1,4,6]
471156605 [12,14,15,35,34,39,26,43,49,8,37,7,11,9,24,20,6,1,16,2,17,42,50,19,25,21,22,48,41,38,4,36,44,33,18,40,13,32,5,23,28,47,30,27,46,10,3,31,29,45]
471946099 [5,11,13,3,7,6,2,4,1,8,12,9,10]
472286995 [7,6,4,2,5,1,3]
472329097 [14,5,1,8,11,10,7,6,9,2,4,13,12,3]
472646236 [8,7,11,1,3,9,2,5,10,12,4,6]
472970457 [6,9,7,5,10,1,8,2,4,3]
473088488 [4,12,11,2,5,7,3,10,9,8,6,1]
473120915 [9,7,11,13,3,10,5,14,1,2,6,8,4,12]
473157400 [2,5,4,6,3,1]
473187809 [1,6,5,4,3,2]
473299804 [8,7,10,3,11,9,1,2,4,6,5]
473317568 [24,6,1,16,14,7,20,23,4,18,22,11,17,10,15,12,19,9,8,2,5,3,21,26,13,25]
473327129 [2,7,3,1,6,5,4,8]
473333010 [5,6,1,3,4,7,2]
473341713 [5,3,1,4,6,2]
474550184 [3,2,6,7,8,4,1,5,9]
474595686 [7,9,15,4,3,2,8,14,12,16,1,11,5,13,6,17,10]
475208554 [15,16,8,9,12,3,7,13,6,10,11,1,4,5,2,14]
476442976 [15,21,19,22,6,2,16,1,17,3,8,13,7,12,20,23,9,10,4,11,5,18,14]
476848553 [5,4,3,9,8,6,2,7,1]
477259225 [2,3,1,5,4]
478200493 [6,8,4,3,1,2,5,7]
478259851 [2,5,4,1,3]
478817669 [1,2,3,7,5,4,6,9,8]
479012879 [7,8,3,5,1,10,9,4,6,2]
479051446 [1,4,2,3,5]
479094845 [9,13,3,7,6,4,2,8,5,12,10,1,11]
479804030 [2,3,4,1,5]
479807150 [7,9,11,12,1,15,14,6,13,10,5,8,4,2,3]
479863703 [13,1,14,4,9,8,3,7,2,6,10,11,12,15,5]
479952682 [2,1,15,8,11,10,14,5,6,7,13,3,4,12,9]
480135268 [4,1,6,2,8,9,7,5,3]
480163084 [2,5,4,7,3,1,8,6]
481019523 [5,4,2,1,3]
482199021 [4,6,9,1,2,7,3,8,5]
482619614 [1,6,3,5,2,4]
482629341 [3,7,6,5,2,1,4]
482725848 [13,10,23,8,16,1,19,24,3,21,22,6,12,5,20,14,11,25,18,9,2,4,7,17,15]
482774331 [15,6,9,10,1,5,2,4,3,8,7,11,14,12,13]
482968057 [2,5,1,4,3]
483235282 [1,3,5,4,2,6]
483720606 [5,4,2,1,6,3]
484158400 [6,3,4,1,2,5]
484232934 [1,6,4,8,2,5,3,9,7]
484681327 [7,14,4,17,9,16,1,8,10,5,18,19,12,15,11,3,13,6,2]
484909763 [3,1,5,2,7,6,4]
484927911 [5,2,3,1,4]
484930564 [1,5,3,2,6,7,4]
485242060 [2,6,3,4,5,7,1,8]
485741374 [17,16,8,14,4,5,1,9,2,6,11,10,13,12,3,15,7]
485856188 [2,4,6,1,5,3]
486113476 [1,3,5,6,2,4]
486285606 [3,33,34,32,25,20,22,38,24,28,41,44,39,29,15,35,2,18,26,11,5,42,30,14,23,17,21,37,13,36,12,1,7,16,6,31,40,10,45,8,27,19,4,43,9]
486286409 [2,9,12,14,17,11,13,3,18,1,10,6,4,7,8,16,5,15]
487118428 [2,6,4,9,5,11,10,3,1,7,8]
487120096 [12,11,8,10,3,24,6,14,7,1,5,23,18,21,20,16,22,15,19,4,13,17,9,2]
487664483 [7,22,12,13,9,11,10,26,25,15,20,19,24,17,27,5,23,8,4,6,16,3,1,2,21,18,28,14]
487696672 [9,4,3,8,6,5,7,1,2]
487868138 [2,1,8,4,9,7,3,5,6]
488120286 [5,4,2,3,1]
488218971 [13,7,9,11,12,3,6,5,14,8,1,2,4,10]
488234515 [1,4,2,3,5,6]
488274784 [11,7,3,5,4,6,2,9,8,10,1]
488466731 [1,4,7,2,5,6,3]
488489121 [11,14,10,5,4,8,12,2,16,13,3,15,6,1,9,7]
488586475 [4,8,21,17,7,13,6,12,2,20,14,15,1,18,16,11,9,5,3,10,19]
488758944 [7,3,9,8,6,4,2,1,5]
489223896 [3,1,7,6,4,2,5]
489227487 [4,9,2,6,7,1,8,3,5]
489231075 [11,22,19,16,7,5,6,13,2,15,23,12,10,3,18,14,9,17,20,4,1,8,21]
489243569 [7,3,5,6,4,1,2]
489246302 [1,2,5,7,3,6,4]
489271286 [3,5,7,2,6,4,8,1]
489505464 [16,9,5,3,11,1,8,13,12,2,19,6,10,17,7,4,22,14,23,21,20,18,15]
489507959 [2,4,5,3,1]
489643098 [6,3,4,1,2,5,9,7,8]
489679765 [2,7,8,6,5,4,10,1,9,3]
489708640 [8,2,10,6,13,4,12,3,11,9,1,7,5]
489711479 [1,5,8,7,4,2,3,6]
489794831 [5,7,6,3,2,4,1]
489994934 [3,5,4,1,6,2]
489999001 [15,6,12,38,18,8,22,33,19,3,9,4,29,37,23,16,35,36,1,13,5,21,14,31,34,24,25,11,30,17,26,10,2,32,20,28,27,7]
490008966 [2,3,6,4,1,5]
490273278 [3,7,1,2,6,4,9,5,8]
490281322 [10,8,5,2,1,9,7,4,3,6]
490289042 [6,2,5,3,1,7,4]
490295841 [1,6,3,4,5,2]
490295866 [9,25,10,4,16,26,2,24,21,13,19,14,15,27,8,11,23,18,17,5,12,28,6,3,1,20,7,22]
490350021 [5,3,2,1,4]
490787166 [8,3,2,7,4,6,1,5]
490839736 [3,21,17,12,6,18,20,15,7,9,16,22,1,23,13,19,4,8,10,24,11,5,2,14]
491323739 [1,6,5,2,3,4]
491323743 [6,9,5,1,4,8,3,7,2]
491410433 [4,7,2,5,1,6,3]
491492910 [3,6,2,5,4,1]
492437016 [4,3,5,1,2]
492680870 [10,23,5,15,8,12,16,17,13,7,21,2,9,6,20,11,3,18,19,14,4,22,1]
492751755 [3,5,1,6,4,2]
492983563 [8,58,10,31,56,12,18,59,43,48,1,55,19,24,28,57,47,7,34,40,51,32,42,53,26,45,30,11,22,49,54,29,4,35,17,5,21,37,27,33,38,2,20,44,25,41,23,52,13,46,6,15,16,36,9,3,14,50,39]
493856748 [5,1,4,2,3]
493857082 [3,9,14,17,12,5,2,6,11,15,13,1,16,18,10,4,7,8]
494540447 [3,2,5,6,4,1]
494664691 [2,10,18,14,8,3,16,15,5,20,1,12,21,17,11,4,9,13,6,7,19]
496183277 [1,9,3,7,4,6,2,5,8]
496691443 [21,10,7,4,11,5,16,19,6,15,2,17,18,12,1,13,14,3,20,9,8]
496982175 [1,14,25,3,24,6,15,2,8,23,12,20,13,18,22,21,19,16,9,11,10,17,7,5,4]
497245483 [1,5,6,3,4,2,7]
497777748 [3,5,9,6,7,2,10,1,4,8]
497993054 [1,5,3,4,2]
498038276 [10,8,4,2,11,12,5,9,7,1,3,6]
498490881 [1,18,15,11,2,3,17,4,14,16,5,8,7,19,9,12,10,6,13]
498609385 [2,5,3,1,4]
499065309 [7,2,3,8,9,10,1,5,4,11,6]
499067522 [2,5,1,3,7,4,6,8]
499182769 [8,6,2,7,1,5,3,4,9]
499637612 [7,1,5,4,2,6,3]
499865432 [3,2,4,1,5]
500376803 [1,7,2,6,5,4,3]
500486269 [9,11,10,5,7,12,1,4,6,8,3,2]
500638168 [19,10,5,22,17,13,20,4,28,29,8,9,14,3,24,1,6,11,27,7,23,21,26,16,2,25,15,18,12]
500644710 [5,3,2,1,6,4]
500644863 [3,6,5,4,1,7,2]
501166068 [6,1,3,5,2,4]
501248677 [5,2,3,1,4]
501259614 [12,15,18,3,22,25,9,2,19,23,24,20,8,14,11,5,21,7,17,1,16,13,4,6,10]
501587856 [5,1,8,9,3,4,6,2,7]
502501892 [7,15,1,16,10,14,9,12,13,2,11,5,3,4,8,6]
502651544 [5,11,10,9,7,2,6,1,4,8,12,3,13,14]
502665645 [8,17,5,15,7,3,4,10,16,18,12,2,9,6,1,11,13,14]
502674296 [10,12,4,1,6,11,8,17,9,2,13,19,16,5,14,20,7,15,18,3]
502890600 [4,3,2,1,6,5]
502896866 [9,11,2,1,4,3,5,8,10,6,12,7]
503178025 [3,4,6,5,1,2,7]
503194723 [5,2,4,1,3,6]
503232779 [3,1,4,5,2]
503439121 [3,2,5,6,7,10,4,9,11,1,8]
503807101 [8,4,9,1,2,7,6,5,3]
503821061 [7,4,17,15,6,5,2,10,3,18,13,16,12,1,14,11,9,8]
503851648 [5,1,10,3,6,11,9,2,4,8,7]
504537051 [5,4,2,6,1,3]
504948491 [14,4,19,9,10,6,12,20,13,11,23,24,1,15,22,17,3,5,26,16,21,8,2,18,27,25,7]
505017786 [5,2,3,1,4]
505337491 [8,16,1,6,14,2,3,15,12,11,5,9,7,13,4,10]
505589396 [7,11,4,1,2,9,5,10,8,3,6]
505605559 [2,4,3,5,1]
505786160 [8,7,16,15,3,2,4,9,1,14,6,11,12,10,13,5]
505933311 [12,3,8,5,7,4,11,6,13,10,1,2,9,14]
506001109 [5,6,4,2,3,1]
506634973 [11,12,3,9,4,2,7,1,6,15,10,13,14,8,5]
506640294 [8,1,5,4,2,7,6,3]
506712013 [5,4,2,1,3,7,6]
507027488 [8,1,4,3,9,5,6,2,7]
507031205 [21,10,23,35,11,20,5,18,38,1,26,30,12,32,25,22,4,2,27,16,34,33,31,6,29,9,39,37,40,17,7,24,8,15,13,19,36,28,14,3]
507054591 [21,19,15,14,16,18,17,1,4,2,11,9,6,20,5,13,12,8,3,10,7]
507272520 [32,24,38,4,9,27,7,37,17,2,15,20,36,14,21,18,22,31,28,1,6,29,35,3,13,8,26,34,5,10,23,33,12,16,19,25,11,30]
507292154 [22,6,2,16,14,13,25,8,21,26,15,5,17,19,1,24,11,18,12,4,9,20,10,3,7,23]
507484820 [8,21,18,6,12,16,1,20,15,10,2,4,19,7,5,11,23,13,14,9,17,3,22]
508003294 [2,3,6,4,1,5]
508011402 [5,1,2,4,3]
508018927 [13,8,7,1,10,11,5,2,3,6,4,12,9,14]
508267395 [1,4,2,3,5]
508275116 [6,10,12,21,29,24,31,18,30,8,15,1,11,9,4,20,17,14,3,2,13,7,5,28,22,25,19,16,26,27,23]
508962567 [3,7,6,1,4,5,2]
508981970 [17,7,10,9,6,3,1,4,2,15,14,12,11,13,16,8,5]
508993534 [4,1,3,2,5]
508998747 [1,2,4,3,5]
509380055 [5,2,1,4,3,6]
509691857 [5,12,8,14,7,10,3,4,13,6,11,1,9,2]
509924608 [4,5,9,7,6,3,8,2,1]
509960671 [4,5,6,1,9,8,7,2,3]
510087045 [5,4,1,3,2]
510116650 [5,6,1,3,4,2]
510307044 [4,7,5,3,11,10,2,8,6,9,1]
510311244 [1,6,5,3,4,7,2]
510315203 [1,9,3,5,4,6,11,2,8,10,7]
511405541 [6,4,2,5,3,1]
511419636 [2,7,3,4,8,1,9,10,5,6]
511421774 [3,4,7,2,5,1,8,6]
512978976 [3,4,5,6,2,1]
513018069 [1,8,5,11,9,6,4,7,2,10,3]
513645135 [1,6,2,7,5,4,8,9,3]
514080767 [2,3,5,4,1]
514091929 [1,12,7,2,5,6,8,10,3,4,9,11]
514522791 [6,2,5,8,1,3,4,7]
514537603 [1,7,4,8,6,3,2,5]
515628124 [24,12,22,11,14,8,5,3,1,2,13,19,17,20,21,7,23,10,4,15,16,18,9,6,25]
515691689 [1,3,7,5,6,4,2]
516023636 [9,7,8,4,10,2,3,5,1,6]
516089710 [4,8,3,2,7,5,6,1]
516093906 [1,2,5,4,3,7,6]
516093910 [4,5,2,1,6,3]
516510742 [2,3,1,4,5,7,6]
516592878 [4,1,5,2,3]
516607990 [1,3,4,2,5]
516940602 [6,16,4,13,18,7,17,10,11,1,15,8,14,3,19,5,9,2,12]
517071327 [2,3,8,6,4,1,7,5]
517325911 [4,1,5,2,6,3]
517444884 [10,12,2,3,13,6,4,7,1,9,8,11,5]
517946924 [2,4,5,6,7,3,1]
517952412 [7,3,6,5,2,1,4]
518031079 [5,1,2,7,3,6,4]
518915948 [5,14,7,12,4,1,11,10,8,3,13,9,2,6]
519196537 [2,1,3,5,4]
519242545 [5,9,12,7,14,4,8,13,11,1,10,6,3,2]
519499508 [3,5,4,6,2,1]
519506174 [2,3,7,6,5,1,8,4]
519589648 [7,1,6,12,4,5,15,11,13,10,3,9,8,14,2]
519589650 [2,7,1,12,9,8,3,10,4,5,6,11]
519889223 [5,2,6,3,1,4]
519900057 [3,5,1,4,2]
519900356 [7,3,5,1,4,6,8,2]
520939818 [3,5,4,2,1]
521268180 [1,11,9,12,8,10,2,7,4,5,6,3]
521365245 [1,3,2,5,4]
521844410 [1,5,4,3,2]
522437744 [7,1,3,6,2,4,5,8]
523288327 [8,16,12,17,18,5,7,1,3,15,6,4,14,11,9,13,2,10]
523772740 [29,64,58,4,11,32,63,56,45,6,36,54,8,2,41,19,26,31,27,39,28,50,20,61,46,35,7,13,42,55,3,15,40,60,47,48,49,52,62,14,38,34,21,1,12,30,37,22,18,24,51,43,17,59,25,57,5,9,53,44,23,16,33,10]
523774352 [11,18,4,2,8,10,12,7,16,17,19,3,6,13,14,15,1,5,9]
524329031 [2,6,5,4,3,1]
524826509 [6,8,5,11,7,10,4,9,14,12,3,1,13,2]
525060631 [9,11,10,4,23,5,16,22,15,7,8,2,1,19,21,18,12,20,17,3,13,14,6]
525228264 [9,4,6,5,2,8,14,11,15,10,7,12,1,3,13]
525251656 [5,2,4,1,6,7,3]
525426570 [4,1,5,2,3]
525720603 [4,2,5,3,1]
525720961 [9,4,6,10,11,3,7,5,14,17,13,15,2,12,16,8,1]
525777441 [16,15,9,8,5,2,11,10,18,14,12,19,7,6,4,1,13,17,3]
525873088 [5,4,13,2,10,11,3,1,7,12,6,8,9]
525975091 [4,2,6,1,5,3]
526061186 [4,1,6,5,2,3]
526063543 [17,12,3,5,14,2,13,4,19,11,16,10,1,18,8,6,21,20,15,7,9]
526233882 [15,11,2,8,4,6,7,3,1,9,14,12,5,13,10]
526334725 [5,4,10,3,11,1,2,7,6,8,9]
526337557 [15,4,14,9,7,5,1,12,8,13,6,11,10,3,2]
526354712 [19,4,9,30,24,25,11,5,21,14,27,1,18,20,8,2,13,6,7,22,16,15,23,17,3,10,29,12,26,28,31]
526363582 [10,15,13,8,4,11,7,2,14,12,6,5,3,9,16,1]
526368388 [5,1,4,3,2,6]
527078922 [5,3,4,2,1]
527132699 [10,7,8,4,9,2,6,1,3,5]
527132705 [4,3,5,1,2]
527133425 [7,4,1,3,5,2,6]
527144703 [10,8,1,9,11,5,12,3,2,6,7,4]
527460036 [16,17,13,27,8,1,2,23,12,22,3,14,15,10,7,25,5,18,28,21,6,26,24,9,11,4,20,19]
527461665 [1,4,2,3,5]
527492724 [2,5,3,1,6,4,7]
527522923 [5,1,3,7,6,4,2]
527931769 [10,7,12,4,5,3,1,15,9,8,6,11,14,13,2]
528201281 [20,1,21,9,4,8,18,15,2,17,3,10,7,14,12,11,5,6,16,13,19]
528285945 [1,5,2,3,4]
528298595 [2,1,4,5,3]
528321331 [2,1,5,4,3]
528944888 [10,3,17,25,16,26,19,5,20,23,15,14,27,13,8,9,2,4,12,1,22,18,7,24,11,6,21]
528957562 [7,1,3,5,9,8,2,4,6]
529008639 [5,3,2,1,4]
529347583 [5,6,1,2,4,3]
529351636 [2,7,4,3,1,10,9,6,8,5]
529440942 [30,4,22,28,17,3,10,27,13,21,6,20,7,11,29,9,15,18,25,16,1,5,24,14,12,8,19,26,2,23]
529610690 [2,1,3,5,4]
530081557 [7,23,6,17,5,15,10,8,2,11,9,18,13,16,25,30,20,22,27,12,29,26,24,3,19,28,1,21,14,4]
530147386 [17,19,3,18,1,4,6,2,8,15,13,11,10,9,7,5,12,16,14]
530151937 [1,5,7,4,3,6,2]
530170986 [6,3,4,5,2,10,7,9,1,11,8]
530571042 [7,4,9,5,1,6,3,8,2]
530582484 [5,8,6,2,3,4,1,7,9]
530928826 [1,4,5,6,2,3]
530932240 [11,4,9,5,2,1,10,8,6,3,7]
530948910 [2,14,17,6,5,11,10,12,16,19,13,1,7,18,3,4,15,8,9]
531068617 [4,1,2,5,7,3,6,8,9]
531131134 [22,12,20,14,26,9,23,15,18,8,25,16,21,3,2,24,6,5,11,1,7,17,19,10,4,13]
531191334 [20,1,28,27,22,13,26,11,2,7,19,21,23,10,8,16,14,9,3,15,18,17,5,12,4,24,25,6]
531602322 [1,2,5,3,4]
531606975 [7,1,5,3,6,4,2]
531675546 [4,6,7,3,2,1,5]
531697079 [28,15,27,31,48,49,36,42,13,23,12,24,29,39,17,45,32,26,4,11,37,18,2,19,44,40,7,6,21,47,25,10,34,46,5,1,8,9,41,30,14,20,16,3,35,33,43,22,38]
531697084 [20,9,8,37,16,29,6,3,22,26,13,5,32,39,15,38,27,21,33,10,19,34,36,17,18,30,2,28,24,40,11,7,12,25,14,31,23,35,4,1]
531717491 [30,27,23,20,2,22,4,18,5,3,19,11,8,26,7,6,13,24,25,29,10,1,14,28,16,12,9,21,15,17]
533006929 [3,4,1,11,27,9,24,23,19,22,17,15,6,13,12,2,25,7,20,21,14,28,26,18,5,16,10,8,29]
533013249 [1,7,3,5,2,8,6,4]
533206323 [4,2,5,1,3,6]
533219328 [1,5,2,3,4,6]
533230284 [6,4,7,1,3,5,2]
533809935 [2,5,6,4,3,1]
534010307 [6,5,3,2,1,4]
535584068 [4,1,3,2,5]
536069289 [2,6,5,3,1,4]
536104691 [2,3,4,5,1]
537144760 [3,2,1,4,5,6,7]
537256811 [1,4,5,3,2]
538155109 [2,8,6,7,5,1,3,4]
538619714 [4,2,5,3,1]
538908722 [7,5,3,1,4,2,8,6]
539216390 [4,5,3,1,2]
540863253 [4,5,6,1,7,3,2]
540897984 [5,7,6,4,2,1,3]
540973618 [2,4,1,3,5]
541794524 [1,6,5,4,3,2]
541990843 [2,3,4,6,1,10,5,11,8,9,7,12]
541995603 [23,33,38,29,12,22,4,1,34,27,17,10,39,28,8,14,37,20,9,36,15,25,24,13,6,11,35,7,40,2,26,18,32,5,30,19,16,21,3,31]
542046548 [6,12,7,10,16,9,8,14,4,5,3,15,11,2,1,13]
542206332 [2,3,4,5,1]
542217016 [4,6,5,3,1,7,2]
542819440 [46,23,22,9,6,37,45,53,20,28,64,43,24,51,59,67,47,10,27,36,12,62,25,54,35,48,61,69,44,56,68,15,34,30,13,16,31,57,14,17,71,18,66,49,19,63,7,41,32,52,3,11,29,4,39,33,2,42,65,75,38,73,70,21,50,40,5,8,58,74,72,1,55,60,26]
542928599 [1,5,2,6,4,3]
543216230 [2,4,3,1,5]
543931718 [6,2,3,5,4,1]
543998827 [1,2,5,6,8,3,4,7]
544009965 [2,13,5,12,14,9,6,17,1,7,4,11,10,8,3,15,16]
544023601 [4,8,5,2,3,6,7,1]
544040893 [4,11,3,2,9,1,5,7,8,10,6]
544102650 [5,2,1,6,3,4]
544406041 [2,1,5,6,3,4]
544922928 [5,2,1,3,6,4]
546816868 [20,35,2,1,10,5,11,38,28,39,30,22,23,34,24,21,33,13,25,15,4,40,32,6,36,27,8,17,3,16,31,18,7,37,19,26,12,29,9,14]
547029810 [18,1,15,11,17,16,14,12,8,5,13,4,10,3,7,6,9,2]
547038469 [7,6,5,3,1,2,4]
547109912 [1,4,3,2,5,6]
547197743 [6,8,9,7,4,2,3,1,10,5]
547419136 [3,9,7,4,2,10,1,11,6,5,8]
547929384 [5,3,9,1,8,4,2,7,6]
547987181 [7,4,2,8,11,5,12,9,10,1,6,13,3]
548012696 [6,1,4,3,5,2]
548032049 [5,1,6,2,3,4]
548064280 [18,16,1,12,7,19,9,2,17,15,22,4,5,10,20,3,21,11,14,13,8,6]
548065829 [9,3,2,7,1,6,8,5,4]
548136258 [3,4,2,5,1]
548428420 [7,8,6,5,3,1,4,2,9]
548490469 [9,2,1,8,6,5,4,7,3]
548513281 [7,2,3,5,4,1,8,6]
548513431 [7,1,5,4,9,13,6,12,3,11,8,15,17,14,2,16,18,10]
548545459 [6,3,5,9,8,10,1,7,2,4]
548822160 [6,12,5,13,3,1,10,9,4,2,7,8,11]
548971743 [3,13,2,1,7,8,12,9,10,4,6,14,11,5]
548973678 [6,4,3,1,2,5]
549195702 [1,2,5,4,3]
549966019 [5,3,1,6,2,4,7]
549967153 [5,4,2,1,6,3]
550047262 [2,3,8,9,6,5,1,4,7]
550047984 [4,5,2,6,1,3]
550070589 [1,9,8,11,3,12,7,5,10,2,6,4]
550110302 [2,5,8,3,1,4,6,9,7]
550260360 [11,20,1,9,5,21,22,18,15,6,7,4,10,23,2,14,16,8,13,12,17,3,19]
550329610 [11,12,5,9,1,8,10,2,7,4,6,3]
550702502 [5,9,7,6,1,4,3,8,2]
550729014 [13,2,4,8,14,7,3,6,15,16,12,10,5,1,9,11]
550961836 [3,1,5,4,6,2]
550972764 [3,1,11,5,7,9,4,2,8,6,12,10]
551252623 [9,10,12,4,1,11,6,2,5,7,8,3]
551683825 [6,1,11,12,9,8,4,2,10,5,3,7]
551857920 [4,19,20,16,2,18,7,5,15,6,21,17,9,14,12,3,22,13,8,1,10,11]
552154676 [1,2,5,7,10,11,4,8,3,9,6]
552436641 [3,1,4,2,5]
552593981 [2,3,5,1,4]
552704673 [20,19,4,18,15,16,14,3,10,7,11,24,1,27,23,5,22,13,25,28,21,17,12,9,6,2,8,26]
552750284 [3,5,4,2,1,6]
552759509 [12,7,10,13,8,1,6,5,3,11,2,9,4,14,15]
553028783 [5,3,6,4,2,1]
553161767 [2,1,3,5,4]
553170461 [4,6,1,2,5,3]
553677823 [11,1,10,4,3,9,2,6,7,5,8]
553934358 [4,8,1,5,6,7,3,2]
553940756 [1,4,5,3,2]
553995442 [5,1,4,3,2]
554648912 [3,1,4,6,2,5]
556217099 [6,3,5,2,1,4]
556274556 [9,17,2,6,14,1,3,5,10,12,7,8,11,15,4,16,13]
556327143 [8,20,16,3,18,5,17,21,13,19,7,2,10,14,4,15,11,9,22,6,12,1]
556477971 [1,9,6,2,4,5,8,3,7]
557159826 [1,5,3,4,2]
557204586 [5,6,2,4,3,1]
557784416 [6,5,8,7,3,9,2,1,4]
557785198 [4,3,8,6,7,2,5,1]
558135861 [5,3,8,4,7,1,6,2]
558629863 [5,4,2,1,7,3,6]
558704612 [4,10,3,1,2,7,6,9,11,5,8]
559585510 [9,1,14,7,8,12,5,10,6,11,4,13,2,3]
559589054 [9,4,15,1,10,22,5,17,18,11,21,8,14,6,3,7,13,20,2,12,16,19]
559594408 [4,1,3,5,2]
560050173 [2,1,8,6,5,4,7,3]
560909640 [4,5,2,1,3]
561600090 [5,18,1,11,2,16,3,8,9,12,13,15,6,7,4,17,10,14]
561998954 [10,7,8,5,6,3,9,2,4,1,11]
562005625 [8,5,1,3,4,10,9,6,2,7,11]
562012657 [57,23,71,19,14,17,60,61,78,4,53,54,77,46,29,16,73,33,75,79,69,34,36,58,67,9,65,43,31,39,42,41,63,32,7,10,11,47,13,35,8,6,72,21,37,64,49,74,44,76,66,15,52,45,70,27,30,3,59,38,51,12,62,40,20,5,25,26,18,48,22,56,55,24,50,2,68,28,1]
562078528 [4,7,8,6,2,5,3,9,11,1,10,12]
562130753 [4,2,5,3,6,1]
562131533 [3,2,5,4,1]
562692300 [1,4,3,2,5]
563165880 [5,2,6,3,4,1]
563606845 [3,4,1,6,2,8,10,9,7,5]
563899136 [16,40,1,27,21,41,25,38,8,26,30,2,13,14,31,19,29,4,12,17,15,39,33,9,24,11,18,42,35,37,36,10,3,23,22,7,28,6,32,5,20,34]
563916779 [2,7,6,5,3,4,1]
564555483 [6,1,4,3,2,9,8,7,5]
564959345 [3,2,5,1,4]
564974551 [29,35,37,15,6,27,12,7,16,36,22,34,3,38,26,9,19,23,2,1,32,4,20,31,25,17,5,24,10,33,8,30,13,11,21,14,28,18]
565062634 [1,5,2,4,6,3]
565089324 [2,4,16,3,14,17,7,10,9,1,11,13,5,8,12,15,6]
565613771 [5,3,11,9,2,6,10,1,7,13,8,4,12]
565732467 [7,14,4,6,10,8,5,16,3,13,2,9,11,15,1,12]
565841354 [3,29,7,19,24,5,1,12,2,26,25,9,8,23,14,22,27,16,15,10,17,20,28,4,6,11,13,21,18]
566465664 [2,4,1,6,7,3,5]
566487914 [6,8,4,1,3,7,2,9,5]
566501190 [6,5,1,3,2,7,4]
566516026 [2,11,20,14,18,13,5,12,17,7,6,8,21,1,19,15,22,9,4,3,10,16]
566572485 [5,6,3,4,1,2]
566574517 [9,20,1,19,16,10,4,25,2,7,17,13,15,23,14,22,11,24,8,3,6,21,5,12,18]
566654261 [1,5,4,7,6,3,2]
566734749 [8,5,1,3,7,9,4,12,15,11,13,10,14,6,2]
566891161 [8,5,11,13,7,15,1,4,10,20,19,17,3,14,12,9,6,2,18,21,16]
566906836 [3,2,5,4,1]
566924105 [1,3,4,2,5]
567044429 [3,2,4,5,1]
567588738 [12,19,9,4,8,6,17,15,2,10,14,5,7,16,18,13,3,11,1]
567643766 [5,11,4,9,8,12,7,3,2,10,1,6]
567647697 [2,8,1,3,5,7,6,4]
567741055 [1,5,6,4,11,2,7,8,12,3,9,10]
567749475 [1,8,6,7,5,4,3,2]
567796163 [9,15,14,8,6,16,12,2,10,3,1,7,11,4,13,5]
567805437 [4,3,1,2,5,6]
567876081 [3,9,4,5,10,1,2,7,6,8]
568427968 [6,2,5,1,3,7,4]
568428000 [5,3,4,2,1]
568555028 [22,11,21,26,18,16,24,5,9,6,3,4,2,28,1,7,25,29,14,10,15,8,19,31,30,12,23,27,20,13,17]
568574245 [3,5,8,4,1,6,2,7,9]
568577638 [9,4,2,6,1,8,7,10,3,5]
568647075 [1,3,2,5,7,6,8,4]
568724391 [9,3,4,5,1,6,7,2,10,8,11]
568730338 [4,1,5,2,3]
568824308 [7,14,9,13,6,2,8,12,4,11,3,10,15,5,1]
568874555 [29,27,2,6,23,7,35,22,26,3,17,16,25,19,28,13,1,12,20,8,9,14,10,11,31,30,24,21,5,18,15,33,34,36,4,32]
568893478 [4,6,3,1,2,5]
569411824 [3,6,1,4,7,5,2]
569451548 [2,1,5,4,3]
569500877 [4,3,6,1,5,2]
569539639 [3,5,6,4,7,8,2,1]
570035487 [26,2,19,6,1,11,7,22,21,17,27,5,23,16,13,3,25,4,10,9,15,24,18,20,8,14,12]
570129109 [1,2,10,8,4,6,9,7,3,11,5]
570133993 [4,10,8,1,9,11,3,6,7,2,5]
570221308 [5,8,9,7,6,4,3,2,10,1]
570510618 [5,4,6,1,3,2]
570747690 [4,2,9,1,8,7,5,3,6]
571036166 [1,10,2,5,11,4,13,9,7,3,12,14,8,6]
571175787 [9,7,8,2,12,3,11,15,14,1,6,10,5,13,4]
571540559 [4,2,7,3,5,1,6]
571630890 [1,2,5,8,4,7,3,6]
571651796 [2,3,7,6,5,1,9,8,4]
571826299 [4,2,7,1,6,8,10,5,9,3]
572326412 [7,11,5,6,2,9,8,4,10,3,1]
573015187 [6,2,3,7,1,4,5]
573083514 [1,4,6,2,3,10,7,8,5,9,11]
573284871 [11,25,9,22,31,19,44,13,40,37,12,38,24,43,47,23,42,1,45,5,15,29,35,4,39,46,2,18,30,41,16,34,8,26,20,17,21,10,14,7,33,3,6,28,32,27,36]
573619001 [2,3,1,10,9,8,12,7,4,6,11,5]
573660669 [7,6,1,4,3,5,2]
573742895 [8,11,24,10,2,6,9,22,12,4,23,1,20,19,7,13,15,21,18,5,17,3,25,16,14]
574448930 [5,1,14,9,10,7,15,2,13,4,3,11,16,6,8,12]
574452679 [10,9,1,11,7,12,5,2,6,4,3,8]
574772122 [6,1,17,19,11,13,16,5,3,18,14,12,8,15,4,7,9,20,10,2]
575240820 [1,3,5,4,2]
576567870 [5,4,6,2,3,7,1]
576710264 [3,2,9,6,4,7,5,1,8]
578590504 [1,2,3,4,7,6,5]
578635101 [4,2,3,1,5]
579245029 [9,5,3,6,7,2,4,8,1]
