749943 [8,10,7,5,6,4,9,3,2,1]
750480 [7,9,6,1,3,8,10,4,11,5,2]
1466988 [7,11,14,1,9,15,12,6,10,16,13,8,5,2,4,3]
2262567 [21,6,15,5,29,3,24,31,30,32,14,10,34,4,2,35,26,13,23,20,16,1,12,19,11,22,9,28,37,7,18,27,17,25,8,36,33]
2351656 [7,5,2,8,1,6,3,4,9]
2534247 [9,3,1,7,6,2,4,8,5]
2570123 [9,1,7,5,8,3,6,4,2]
2581170 [1,5,8,7,3,2,4,6]
2611706 [6,3,2,4,7,5,1,8]
2747599 [6,5,7,3,4,1,2,8]
2843035 [5,4,2,1,6,3]
2859815 [1,4,2,3,5]
3230871 [1,4,2,3,5]
4478064 [1,2,6,4,3,5]
4516543 [10,5,4,6,9,8,1,3,2,7]
4656441 [7,1,2,8,6,4,9,3,5]
4683178 [3,5,6,1,9,7,2,8,4]
4724264 [1,4,6,3,2,9,5,8,7]
4744055 [8,7,6,3,16,17,11,14,2,1,9,12,15,10,5,13,4]
5170910 [3,10,1,7,8,13,4,5,2,9,6,12,11]
5187029 [2,3,9,7,4,6,8,1,10,5,11]
5189351 [6,5,1,4,3,2]
5257540 [13,11,4,2,3,8,7,10,6,1,12,5,9]
5260821 [4,5,2,6,1,3,7]
5403439 [1,43,45,17,38,39,21,3,20,31,42,41,29,15,44,16,18,22,12,14,40,24,5,4,30,23,13,25,46,2,9,11,34,6,7,33,8,26,27,35,28,47,32,37,19,10,36]
5618500 [2,3,4,1,5]
5644612 [4,5,7,6,12,9,11,8,10,2,1,3]
5647211 [5,14,20,32,39,3,10,16,19,27,31,38,1,4,9,6,17,8,24,18,15,21,12,26,13,40,37,11,34,36,29,35,2,25,22,30,28,33,7,23]
6014401 [6,3,4,10,9,5,8,7,1,2]
6222025 [8,7,2,1,4,6,5,3]
6353820 [13,11,6,4,19,18,3,1,12,16,15,5,8,2,10,14,9,17,7]
6569028 [11,6,15,13,2,9,20,3,12,19,17,16,10,7,8,14,4,18,5,1]
6646375 [5,3,2,10,7,11,8,4,9,6,1]
6721084 [6,10,5,8,12,3,2,1,11,7,4,9]
6725661 [5,1,2,3,4]
6727597 [5,2,4,3,1]
7010474 [1,3,2,4,5]
7046707 [2,1,3,7,4,6,5]
7061610 [1,2,3,5,4]
7089034 [7,5,6,4,8,3,1,2]
7607639 [1,4,2,5,3]
7620755 [4,1,5,2,3]
7641626 [10,2,5,15,12,9,3,11,7,14,4,8,1,13,6]
7645170 [17,2,11,22,16,21,10,4,24,9,8,20,3,5,26,25,6,12,14,19,15,1,7,23,18,13,27]
7791134 [1,3,4,5,2]
8331151 [2,6,3,4,5,1]
8386623 [2,11,8,6,10,5,4,1,3,9,12,7]
8399533 [4,2,7,6,5,1,3]
8427120 [14,10,4,16,5,12,8,1,2,20,7,9,15,19,6,18,17,13,11,3]
8449132 [9,6,1,2,7,3,5,4,8,10]
8464913 [10,12,9,2,20,5,22,7,11,19,13,25,18,15,8,24,23,6,1,16,17,14,3,21,4]
8545756 [6,3,1,5,4,2]
8551732 [5,4,1,10,12,3,14,8,11,2,13,9,7,6]
8603511 [3,6,2,5,9,1,8,7,4]
8611278 [7,12,3,4,1,13,11,10,9,2,8,14,5,6]
8630815 [5,2,1,4,3]
8727579 [3,4,6,5,2,1]
10176979 [1,4,8,7,5,9,3,6,2]
10185738 [4,19,18,9,30,3,27,7,29,11,21,14,24,12,5,2,10,28,25,23,15,8,26,20,16,22,1,6,17,13]
10188938 [8,3,7,1,4,2,6,5]
10189483 [3,1,2,7,6,4,8,5]
10210300 [4,1,2,3,6,5]
10218346 [3,6,4,8,2,7,9,5,1]
10392971 [2,1,4,5,3]
10402855 [5,7,1,6,3,2,4]
10404832 [5,2,1,3,4]
10719755 [3,6,7,5,2,4,8,1]
11973055 [16,14,10,12,9,13,4,11,2,18,17,8,3,6,7,5,15,1]
12021420 [7,4,2,1,3,5,6]
14317674 [1,4,2,3,6,5]
15377629 [10,2,13,1,3,12,4,11,5,6,8,9,7]
15675480 [27,29,19,11,14,32,33,22,1,16,21,30,20,6,24,9,5,34,10,18,26,2,28,12,15,7,8,25,17,31,4,23,13,3]
15729552 [2,1,3,5,6,4]
15776221 [11,1,9,5,4,8,6,7,3,2,10]
15881330 [4,6,1,3,2,5]
16242094 [5,13,11,7,10,8,3,6,1,12,4,9,14,2]
16317872 [4,5,2,1,3,7,6]
16553686 [5,7,2,13,9,6,10,12,8,11,4,3,1]
16589149 [4,2,3,6,1,5]
17257487 [9,15,14,3,8,13,12,10,5,6,2,4,7,11,1,16]
17872336 [6,1,5,2,3,4]
18136977 [10,11,15,6,13,9,8,12,4,1,5,7,3,2,14]
18378840 [10,14,3,5,18,11,1,19,15,9,7,16,13,20,6,12,4,17,8,2]
18646164 [16,8,1,17,11,10,2,13,12,4,14,6,15,9,7,3,5,18]
18688129 [5,1,4,6,3,2]
19178880 [3,1,2,5,4]
19660001 [10,1,8,6,11,7,2,5,4,9,3]
20156506 [8,7,13,4,18,20,14,10,2,6,17,21,19,1,15,9,3,12,16,11,5]
20197811 [2,3,4,6,1,7,5]
20414370 [6,4,7,2,3,1,5]
21026411 [5,1,11,3,4,6,8,7,9,10,2]
21603071 [2,4,5,1,3]
22138493 [4,8,7,10,5,6,9,1,3,2,12,11]
22318858 [26,3,16,8,1,29,10,17,13,22,18,19,4,27,6,7,14,5,15,9,11,21,28,2,24,12,25,23,20]
22428286 [7,6,2,4,8,3,1,5,9]
22455504 [14,29,31,26,11,34,22,12,32,3,20,13,28,25,27,5,7,17,23,1,18,4,33,21,16,9,10,19,8,24,15,2,30,6]
22466777 [6,5,2,1,4,3]
22468286 [8,4,9,3,6,5,1,2,7]
22574062 [7,11,2,14,9,3,4,6,10,8,1,15,12,5,13]
22612089 [6,5,8,10,4,3,9,2,1,7]
23138754 [4,8,2,1,7,5,3,6]
23152567 [3,2,1,4,5]
23520692 [3,2,7,5,1,6,4]
23537334 [5,7,9,1,6,8,4,3,2]
23545704 [3,9,19,12,1,2,6,18,8,15,20,16,4,7,13,11,5,17,14,10]
24097960 [4,8,7,6,1,5,2,3]
24113453 [10,8,3,4,11,7,2,1,5,9,6]
24113792 [2,1,4,3,5]
24128073 [8,37,30,34,9,21,19,17,27,4,22,35,18,33,11,26,16,2,29,39,32,38,31,7,36,24,6,28,10,23,25,1,12,5,3,13,14,20,15]
24146441 [5,2,4,6,1,3]
24278099 [25,6,7,20,3,4,17,15,14,13,16,23,1,21,12,10,19,24,22,2,11,9,8,18,5]
24522824 [12,11,4,6,3,10,8,1,9,5,2,7]
24807880 [4,7,1,2,6,3,5]
25153996 [5,7,2,6,4,1,3,8]
25601215 [38,42,1,25,19,26,11,23,30,32,10,21,4,9,40,37,20,36,31,17,41,14,22,15,16,18,44,3,39,43,28,7,13,24,34,29,35,33,5,8,27,6,12,2]
26245780 [2,4,5,1,6,3,7]
26347465 [5,1,4,3,6,2]
26394561 [10,4,15,12,14,2,7,5,6,3,8,9,1,13,11]
26395066 [5,13,23,11,4,3,14,9,8,18,12,24,25,7,19,21,1,2,22,20,6,17,16,10,15]
26428895 [4,3,8,6,9,7,1,2,5]
26491374 [5,4,1,3,2]
26752406 [6,4,5,10,3,1,7,9,8,2]
26838389 [4,2,9,1,3,5,6,10,8,11,7,12]
26856453 [5,6,8,9,2,3,1,4,7]
26865641 [21,1,6,2,30,13,19,3,18,20,31,9,8,25,22,12,26,24,29,7,10,14,5,28,4,16,11,27,15,23,17]
26943901 [3,7,5,8,1,4,6,2]
27368683 [2,13,10,3,12,9,8,11,5,1,7,6,4]
27373182 [5,6,4,1,3,7,2,8,9]
27395498 [5,2,1,3,4]
27400716 [4,3,2,6,1,5]
27405754 [4,3,5,1,2]
27654760 [7,33,6,10,8,2,47,20,39,15,21,34,44,42,29,11,38,43,32,41,24,17,5,14,18,19,16,28,27,40,4,25,1,22,48,45,12,37,23,46,35,9,3,36,31,26,30,13]
27697205 [9,7,1,8,4,2,5,6,10,3]
28490010 [5,3,7,6,8,4,1,2]
28521760 [4,1,5,2,7,6,3,8]
28524491 [9,2,11,12,6,7,3,8,10,1,14,15,13,4,5]
28605291 [1,4,5,3,2]
28652598 [4,5,6,3,7,1,8,2]
28776273 [14,2,11,7,4,8,9,6,5,13,10,15,3,1,12]
28959108 [6,7,1,9,8,2,4,3,5]
28992719 [10,4,13,6,3,9,7,12,2,5,8,11,1]
29009355 [1,5,2,3,7,8,4,6]
30013730 [22,14,13,4,2,24,19,11,8,12,7,20,9,17,6,16,10,25,15,5,3,1,26,23,21,27,18]
30023071 [6,5,1,4,14,3,12,13,8,2,10,11,9,7]
30731887 [1,5,4,3,2]
30912412 [1,8,2,7,3,6,5,4]
30961807 [1,2,3,5,6,4]
30973714 [6,3,5,4,1,2]
30978084 [1,6,9,2,8,7,4,3,5]
31077270 [3,1,6,2,4,5]
31214127 [1,6,3,7,4,2,5]
31476704 [4,17,3,6,8,1,9,11,15,7,18,5,10,16,2,12,14,13]
32520698 [1,3,5,2,4]
32536740 [14,10,4,13,3,5,2,11,6,8,15,7,1,12,9]
33573691 [13,25,9,6,15,5,21,3,12,2,14,1,11,7,16,8,23,18,20,22,19,4,10,24,17]
34233694 [4,1,3,2,5]
35095320 [5,1,4,3,2]
35097544 [10,6,11,2,12,19,23,3,18,8,13,21,14,9,4,17,16,7,5,22,1,15,20]
35100727 [5,2,6,1,4,7,3]
35189276 [34,29,21,38,19,40,33,23,42,10,1,4,12,24,25,6,32,26,16,17,22,37,5,7,11,14,18,41,15,36,44,3,9,27,20,13,31,39,2,28,43,30,8,35]
35590731 [6,3,7,2,4,10,5,8,9,1]
35921106 [1,2,3,5,4]
36135981 [2,5,6,1,3,4]
36143018 [3,7,13,10,2,8,1,11,6,14,5,9,4,12]
36486902 [5,3,7,1,9,2,10,4,8,6]
36491321 [6,3,5,4,7,1,2,8]
37127770 [10,16,2,14,12,9,5,13,15,4,6,8,1,7,3,11]
37130700 [6,7,9,2,1,8,12,10,5,11,3,4]
37145932 [25,2,33,5,27,10,23,15,19,28,35,8,38,37,21,29,18,7,31,30,22,36,24,26,1,17,20,6,13,16,12,11,14,3,34,4,32,9]
37145940 [2,13,4,18,1,15,10,9,19,20,12,17,3,11,5,6,7,21,14,16,8]
38152866 [11,10,7,2,4,6,1,9,8,5,3]
38192861 [18,26,25,20,1,21,3,22,5,13,16,2,4,11,10,15,27,33,6,12,31,9,19,23,7,28,29,32,30,17,8,14,24]
38201351 [7,4,5,6,1,2,3]
38948201 [10,4,5,9,13,8,6,7,12,11,14,2,1,3]
39539258 [3,2,5,4,1]
39838700 [1,7,9,8,2,4,3,5,6,10]
40319876 [7,1,4,2,5,3,8,6]
40417730 [6,5,4,8,7,1,9,3,2]
40632721 [2,1,3,6,4,5]
40693340 [6,1,8,5,7,3,4,2]
41107188 [7,24,3,2,8,21,17,12,23,4,19,10,9,14,20,22,1,5,18,6,16,15,13,11]
41173482 [1,3,8,7,6,2,9,4,5]
41197767 [10,3,8,5,1,2,6,4,7,9]
41305217 [4,1,7,2,8,5,6,9,3]
41567643 [3,2,4,1,5]
41932717 [12,1,8,6,15,10,2,7,13,5,14,9,3,4,16,11]
41976693 [13,2,3,6,1,4,11,10,8,5,9,12,7]
42276476 [2,4,7,3,1,5,6,8]
42301183 [1,7,2,6,3,5,4]
42683531 [4,8,1,6,3,5,7,2]
42728604 [5,6,8,10,9,2,4,7,3,1]
42774274 [7,4,2,8,1,9,6,5,10,3]
42782561 [14,27,20,25,9,21,19,17,5,18,2,22,24,13,11,4,3,8,6,12,10,1,23,26,15,7,16]
43495335 [26,14,37,43,4,41,19,28,15,7,2,25,21,42,13,16,8,22,40,1,31,12,45,18,10,44,5,27,29,39,38,30,9,36,35,23,3,20,34,32,11,6,33,17,24]
43530995 [10,16,2,23,19,21,18,24,1,6,17,3,9,4,5,20,8,15,22,7,12,13,14,11]
43536419 [12,7,9,3,1,4,11,6,8,13,15,14,5,10,2]
43544883 [2,3,5,7,6,1,4,8]
43633755 [8,14,3,12,22,6,16,11,5,13,23,20,24,19,9,15,4,18,1,10,21,7,17,2]
43870745 [3,9,4,6,2,1,8,7,5]
43997817 [12,8,4,7,14,13,5,10,2,1,11,6,9,3]
44507954 [3,2,5,1,4]
44865498 [3,1,2,5,4]
45089163 [4,2,5,3,1]
46039622 [8,5,7,1,4,2,3,6]
46041604 [6,7,3,2,8,1,5,9,4,10]
46091133 [3,8,4,2,10,12,5,9,7,13,11,1,6]
46091240 [9,8,6,3,5,2,4,7,11,1,10]
46139362 [21,17,15,31,20,10,1,16,23,26,7,25,18,8,24,6,19,9,22,14,2,4,27,11,13,30,5,12,29,3,28]
46734202 [5,4,3,6,7,1,2]
46930782 [13,10,7,12,5,8,9,15,18,3,16,6,4,2,1,17,11,14]
47064541 [2,1,4,7,6,5,3]
47083166 [1,6,7,9,3,2,4,8,5]
47099144 [13,11,7,2,8,5,3,9,14,4,12,1,15,10,6]
47104977 [5,6,4,3,2,1,7]
47426780 [15,14,2,11,1,12,10,4,13,3,9,7,5,8,6]
47483544 [12,9,7,1,4,2,11,6,5,3,10,8]
47893326 [4,3,1,5,2]
48020253 [2,5,4,7,3,1,6]
48094622 [1,2,6,5,4,3]
48305741 [2,4,1,5,3]
48880152 [1,4,5,14,2,12,16,13,6,8,15,9,11,3,7,10]
49152882 [2,1,10,4,13,16,20,18,12,9,3,14,8,7,15,21,11,19,6,22,17,5]
50219550 [4,2,1,5,6,3]
50305666 [1,8,4,6,5,10,3,7,9,2]
50320981 [5,3,1,4,2]
50321120 [14,22,6,17,13,23,4,10,15,1,12,8,11,21,20,16,18,9,2,19,3,5,7]
51193155 [5,3,2,4,1]
51198252 [15,20,12,8,38,27,51,36,52,21,43,34,63,45,41,30,54,10,57,56,6,53,26,61,14,9,5,44,17,46,25,1,19,58,59,7,22,60,24,2,31,40,32,13,50,47,28,62,4,3,18,29,48,49,33,55,16,37,42,23,11,39,35]
51380866 [3,10,12,8,5,4,11,6,7,2,9,1]
53002582 [4,3,1,5,2]
54350105 [4,14,15,1,10,18,20,13,9,12,11,6,3,7,5,8,16,2,19,17]
54877389 [5,13,8,10,11,1,6,9,7,4,12,3,2]
54902386 [6,8,7,4,2,1,3,5]
55263832 [1,3,6,4,5,2]
55306253 [3,7,2,1,5,4,6]
55317229 [11,3,4,6,10,2,1,8,9,5,7]
55757966 [11,13,14,5,6,7,2,8,10,18,1,3,16,19,12,9,4,17,15]
56329766 [6,4,9,3,7,10,1,8,5,2]
56332431 [2,5,4,3,1]
56498442 [3,1,2,5,4]
56896318 [1,2,3,4,5]
57287781 [9,7,6,11,5,4,2,3,8,10,1]
57330017 [2,5,3,6,1,4]
57751988 [13,14,10,9,3,6,5,4,2,11,7,15,8,12,1]
58352557 [5,4,2,1,3]
58354256 [4,6,3,1,5,2]
58384384 [4,5,6,8,9,1,7,2,3]
58667506 [6,11,1,5,8,2,14,16,4,9,17,7,18,15,13,12,3,10]
59702139 [1,6,5,7,9,8,4,3,2]
60800576 [6,8,1,7,3,4,2,5]
60862481 [8,1,12,13,10,14,19,17,5,9,11,3,7,2,4,16,15,18,6]
61091827 [5,19,26,7,25,10,13,15,14,16,8,4,18,21,24,17,2,9,1,27,12,6,20,22,23,3,11]
61141878 [1,9,5,6,2,7,4,3,8]
62314465 [4,2,5,1,3]
62707301 [4,11,9,6,12,7,5,1,8,10,3,2]
62755016 [1,2,5,3,6,4]
62778243 [2,6,5,3,4,1]
63710038 [1,4,5,2,6,3]
64249760 [3,4,1,2,5]
64583909 [5,3,4,1,2,6]
64614276 [5,1,2,8,4,3,6,7,9]
64817003 [2,4,3,5,1]
64882082 [33,1,9,26,43,35,39,23,15,16,20,31,45,2,13,11,41,34,21,36,29,17,3,30,5,42,14,10,38,8,25,28,22,40,19,4,32,7,18,27,44,24,37,6,12]
65120398 [5,2,4,1,3]
65621492 [2,1,4,7,5,3,6]
66479957 [3,2,5,4,1]
66522119 [4,2,3,5,1]
66581229 [2,1,5,4,3,6]
66590721 [8,7,4,3,5,6,2,1,9]
66817947 [6,3,2,5,4,1]
66824574 [5,6,7,2,1,4,9,11,10,3,8]
66864014 [13,23,5,20,18,7,10,4,12,16,24,22,6,17,21,15,2,11,19,8,9,3,14,1]
66865272 [7,4,6,8,1,2,5,3]
66873097 [1,3,5,4,2]
67133807 [3,6,2,1,5,4]
67170517 [17,19,5,14,6,11,10,2,1,4,18,9,7,8,15,13,3,16,12]
68062495 [6,10,9,8,1,2,3,5,4,7]
68227717 [1,4,3,2,7,6,5]
68588696 [8,5,3,1,6,2,7,4]
68588702 [5,3,4,1,2]
68589498 [6,1,7,23,17,3,14,13,11,5,16,20,10,22,4,15,8,18,12,9,2,21,19]
68595809 [1,3,4,5,2]
68650758 [5,3,1,2,6,4]
68705793 [1,4,5,2,3]
68707031 [5,3,1,4,2]
68707978 [5,1,4,2,3]
68752441 [12,25,27,23,7,30,6,1,10,20,8,24,2,3,33,26,17,15,13,34,31,36,22,28,35,21,29,14,19,18,11,32,5,16,4,9]
68759832 [12,2,11,7,18,17,5,10,8,15,3,6,9,13,4,16,14,1]
69155726 [2,5,13,9,8,7,12,14,6,4,3,10,1,11]
69742338 [5,3,6,2,1,4]
69788845 [3,1,4,7,2,5,6]
70039921 [1,12,16,9,17,6,14,7,8,3,15,4,5,11,13,2,10]
70066053 [6,5,4,2,1,3]
70306030 [8,4,6,5,7,1,2,3]
70352499 [5,4,3,1,2]
70663581 [25,17,24,11,22,16,12,19,27,1,21,23,28,13,29,26,18,8,6,9,5,4,2,15,14,20,30,10,3,7]
70663861 [11,3,1,31,7,2,29,25,30,21,8,17,10,16,12,14,5,27,18,15,22,26,9,23,28,24,6,4,13,19,20]
70935699 [2,3,4,6,9,7,5,10,1,8]
70944203 [6,4,3,8,1,7,2,5]
71187556 [4,10,1,2,8,6,3,5,7,9]
72274016 [4,1,10,11,3,16,9,6,2,15,5,7,8,12,14,13]
72281099 [2,4,5,3,1,6]
72391859 [20,22,18,17,27,8,23,25,4,19,13,9,14,10,12,1,21,26,2,24,15,7,11,5,3,16,6]
72685212 [3,4,5,10,8,7,11,1,2,6,9]
72902867 [3,5,1,2,6,7,4]
73091862 [8,11,7,3,10,12,6,9,2,1,5,4]
73133591 [2,4,5,1,3]
73286685 [2,5,1,4,3]
73601758 [4,1,9,2,6,8,5,10,3,7]
74331372 [3,4,7,2,10,17,15,8,9,13,14,16,1,11,12,5,6]
74333041 [2,10,3,8,5,11,7,6,9,4,1,12,13]
74502360 [2,1,4,5,3]
75435940 [3,6,10,5,9,4,7,2,1,8]
75450638 [5,3,1,4,2]
75456177 [8,12,11,7,5,9,6,3,10,1,13,2,4]
75591534 [3,4,5,2,1]
76024443 [6,16,2,12,10,14,8,11,13,7,3,1,9,4,15,5]
76024445 [5,4,3,6,1,2]
76143307 [12,7,14,9,8,5,6,10,1,4,2,11,3,13]
76776905 [4,3,2,9,5,1,8,7,6]
76953719 [2,7,4,5,10,1,3,8,12,6,11,9,13]
76961672 [20,8,18,14,21,12,19,1,6,7,13,10,22,15,17,4,11,23,16,3,9,2,5]
77365495 [3,14,21,18,16,31,17,9,22,28,11,8,4,6,15,2,19,10,12,29,5,26,20,13,32,30,27,24,25,7,1,23]
77372617 [2,5,6,4,3,1]
77471189 [10,2,3,8,7,9,5,4,11,6,1]
77565658 [3,5,1,8,4,6,2,9,7]
78530445 [5,2,1,6,3,4]
78825266 [5,6,4,2,1,3]
79461014 [6,5,4,2,9,1,8,7,3]
79483849 [17,1,16,2,6,12,14,15,8,3,5,9,10,11,7,13,4]
79501647 [20,13,19,9,10,4,12,21,1,14,11,6,7,5,2,15,3,16,17,18,8]
80574325 [2,5,4,3,1]
80584392 [2,3,4,5,1]
81179459 [10,2,9,7,4,3,8,6,5,1,11]
82235766 [1,4,3,2,5,6]
82328895 [1,4,5,2,3]
82389195 [3,5,6,2,1,4]
82576045 [2,5,10,9,6,11,1,13,12,7,4,3,8]
83222856 [1,2,4,8,3,7,5,6]
83706828 [3,6,7,2,5,1,4]
84316362 [17,7,11,6,2,3,16,9,10,8,15,5,14,13,19,1,4,12,18]
84568460 [2,5,23,18,7,14,3,17,8,12,9,24,19,4,20,13,16,6,1,11,21,15,10,22]
84576268 [8,11,5,7,4,6,3,9,1,10,2]
84692481 [6,9,1,8,2,3,4,7,5,10]
85110924 [2,7,12,20,1,9,5,8,10,3,14,11,18,15,16,6,19,13,4,21,17]
85169489 [2,1,7,10,11,6,9,5,16,12,15,8,17,13,4,3,14]
85262348 [1,3,4,2,5]
85583929 [5,4,3,1,2]
85632446 [17,12,19,20,2,3,14,22,9,15,5,8,18,1,10,4,7,13,11,16,21,6,23]
86086265 [8,4,2,7,6,1,5,3]
86483742 [7,5,8,2,12,6,11,4,3,10,1,9]
86735554 [6,5,7,3,4,1,2]
86954744 [4,10,7,3,2,6,5,8,9,1]
87101541 [4,1,2,15,10,7,17,21,13,9,14,11,19,3,16,6,12,5,18,20,8]
88926627 [11,21,22,10,23,12,20,16,1,24,5,14,15,19,9,18,17,3,8,2,13,25,4,7,6]
89076625 [13,3,16,7,4,5,8,1,9,12,15,11,2,6,10,14]
89092360 [36,17,39,22,20,25,32,37,7,26,28,34,18,43,4,2,45,13,41,1,27,44,38,10,40,42,5,23,16,33,6,12,3,30,8,19,31,21,29,24,9,35,15,11,14]
89094545 [17,15,16,25,1,18,28,4,9,19,32,11,22,29,7,33,2,27,13,26,8,31,23,14,34,3,6,5,12,10,35,30,21,24,20]
90061463 [4,2,1,3,6,5,7,8]
90091065 [6,9,7,2,5,8,4,1,3]
90106979 [2,4,5,3,1]
90384402 [13,4,14,10,17,7,12,16,2,8,3,1,15,9,5,6,11]
90546766 [1,3,4,2,5]
90580359 [5,3,2,1,4]
90854236 [10,7,1,6,5,9,8,3,4,2]
91085181 [5,1,3,7,6,4,2]
91621940 [1,3,2,6,5,4,7]
92051388 [11,9,13,16,2,4,6,10,14,8,12,5,15,7,3,1]
92064351 [3,9,6,1,13,12,10,2,8,5,4,11,7]
92419789 [5,12,7,9,14,15,16,4,1,3,2,10,11,8,13,6]
92436188 [6,3,12,21,4,19,7,14,8,15,2,1,13,11,17,20,18,10,5,9,16]
92963250 [2,3,5,1,7,6,4]
93118703 [2,8,5,36,14,16,11,34,29,42,37,25,22,38,35,27,21,47,41,31,45,32,19,20,43,12,1,44,48,10,18,9,6,40,7,46,3,26,17,23,13,15,39,30,4,28,33,24]
93118713 [13,12,5,3,14,8,10,7,4,9,11,1,2,6]
93338776 [8,7,3,6,5,2,1,4]
93967549 [3,6,8,2,1,7,4,5,9]
93984630 [5,2,1,3,4]
94039233 [5,1,4,6,7,3,8,2,9]
94051801 [2,5,7,3,6,9,4,8,1,10]
94380730 [2,4,3,1,5,6,7]
94704345 [1,2,4,5,3]
94713204 [9,7,2,8,5,1,3,4,6]
94954829 [1,2,3,4,5]
95775505 [5,6,4,2,1,3]
96034012 [2,11,3,8,5,10,4,1,7,13,6,9,15,12,14]
96070127 [3,11,2,1,10,6,7,9,8,5,4]
96889882 [8,13,15,3,10,9,7,16,2,6,4,1,12,14,11,5]
97112955 [6,13,17,2,5,10,3,8,15,7,11,18,4,9,16,1,14,12]
97600530 [1,3,2,6,4,7,5]
97683395 [4,5,2,3,1]
97990040 [3,1,2,5,4]
98070172 [1,5,2,3,4]
98106290 [1,5,3,6,2,4]
98106573 [7,3,5,1,2,6,4]
98160018 [10,1,13,15,12,16,9,14,4,2,3,17,11,5,8,7,6]
98378559 [7,8,5,1,9,3,2,6,4]
98415740 [5,3,1,2,4,6]
98422308 [13,9,11,7,12,3,1,10,5,2,15,4,8,6,14]
98465292 [5,1,2,3,4]
98497764 [4,3,6,2,5,1]
98920012 [3,5,2,1,4]
99002103 [4,2,6,3,5,7,1]
99069485 [10,9,8,11,4,3,5,6,12,7,14,2,1,13]
99433684 [5,9,6,11,10,7,2,8,4,3,1]
99582757 [5,4,6,3,1,2]
100112466 [12,9,2,6,5,11,7,1,16,8,15,10,4,3,14,13]
100282267 [58,17,43,14,5,47,28,39,57,3,50,1,27,37,32,41,33,44,7,38,40,19,35,21,55,42,12,46,4,18,10,30,15,16,49,54,8,36,2,13,56,24,51,9,11,22,20,6,59,34,23,45,53,26,29,31,52,25,48]
100302071 [1,8,7,3,5,6,2,4,9]
100345410 [8,1,3,4,7,5,9,2,6]
100368503 [30,37,6,23,13,33,11,3,34,26,10,39,20,22,25,1,19,9,29,16,38,35,2,32,4,12,17,5,7,28,31,14,36,8,18,15,27,24,21]
100411013 [3,5,6,7,4,1,2]
100694587 [10,9,17,8,13,15,6,18,1,16,20,7,12,5,19,4,2,14,3,11]
100743776 [2,8,4,9,1,3,6,7,5]
100765552 [1,4,5,2,3]
100865947 [3,4,9,5,11,7,6,12,2,10,1,8,13]
100997247 [4,5,1,2,3]
101071684 [4,7,6,1,9,3,8,2,5]
101078229 [1,2,4,5,6,7,8,3]
101107445 [2,1,5,4,3]
101512877 [4,2,1,3,5]
101541997 [6,7,5,9,2,4,1,10,3,8]
101640620 [4,2,9,11,1,3,6,7,8,10,5]
101660005 [12,10,11,1,3,2,4,6,8,9,7,5]
101663550 [3,1,4,2,5]
101749230 [5,1,4,2,3]
101819511 [4,6,1,3,5,7,2]
101887722 [10,24,13,8,21,4,2,25,29,18,6,27,26,11,20,23,9,12,19,28,15,16,5,7,22,14,30,17,1,3]
101976735 [4,1,3,5,2]
102441617 [3,4,2,5,1,6]
102487684 [2,4,1,7,8,6,5,3]
102493610 [1,2,3,7,6,5,4]
103850722 [3,6,7,8,1,5,2,9,10,4]
104219119 [13,12,4,14,8,2,9,1,5,10,7,3,6,11,15]
104978176 [2,3,9,16,15,18,8,6,5,11,1,10,13,17,12,4,14,7]
105276826 [1,8,6,4,2,5,3,9,7]
106042149 [8,5,4,3,1,6,2,7]
106692320 [6,7,5,2,3,4,1]
106706078 [1,2,5,3,7,6,4]
107573905 [2,1,5,4,3]
107864862 [2,1,4,3,5]
107876427 [9,3,12,8,10,1,2,13,14,11,6,5,4,7]
107879667 [8,1,3,10,2,4,9,7,6,5]
108526860 [6,17,18,1,8,11,7,12,9,3,16,2,19,13,15,5,14,10,4]
108533305 [6,7,14,13,9,12,8,2,5,4,15,10,11,1,16,3]
108548296 [3,7,5,1,4,6,2]
108784466 [8,6,9,2,11,4,5,1,3,7,12,10]
109039435 [2,4,3,5,1]
109066836 [4,5,2,3,1]
109142592 [3,6,4,7,10,5,2,8,1,9]
109883417 [5,3,2,4,6,1]
110107330 [5,2,3,4,6,1]
110129818 [1,3,8,9,10,5,2,7,6,4]
110638888 [3,2,4,5,1]
110706627 [1,8,10,3,12,5,11,9,13,2,6,4,14,7,15]
111050222 [1,2,8,7,4,6,5,3]
111085436 [6,3,8,2,4,5,7,9,1]
112320659 [1,5,4,2,3,6]
112331228 [18,2,7,11,13,6,5,16,3,9,10,14,1,15,17,12,4,8]
112578305 [3,5,1,2,4]
112633033 [5,1,13,14,10,2,21,16,9,20,8,6,7,15,12,3,18,11,19,17,4]
112730057 [3,5,8,7,10,9,1,11,2,6,12,4]
112898694 [2,3,6,1,4,7,5]
113006569 [7,6,5,2,1,8,3,4]
113007797 [7,1,6,2,9,5,4,3,8]
113023521 [1,8,4,6,9,7,3,2,5]
113063159 [1,19,14,2,11,12,9,5,13,6,3,8,4,18,15,17,10,16,7]
113802153 [3,5,2,6,7,1,8,9,4]
114514498 [3,5,10,7,9,6,2,4,8,1]
114999420 [4,2,1,7,5,3,6]
115758657 [8,5,20,4,3,9,17,19,2,13,10,6,14,11,7,1,15,16,12,18]
116048395 [2,5,4,3,1]
116413637 [3,1,5,22,26,20,14,19,15,10,8,12,13,6,25,24,4,7,18,9,11,2,17,27,16,21,23]
116413809 [6,4,5,2,3,7,1]
116549487 [1,9,2,6,3,10,5,13,8,7,12,11,4]
116674327 [1,4,16,11,7,23,3,18,27,10,25,15,9,12,28,6,22,24,19,20,2,17,14,13,8,5,21,26]
116969323 [10,3,9,11,13,2,8,1,4,12,5,7,6]
116985559 [6,1,3,4,2,8,7,5]
117552967 [12,5,2,6,3,10,7,1,4,9,11,8]
117568001 [6,4,3,5,1,2]
118635983 [5,2,3,4,6,1]
118948699 [6,2,4,3,7,5,1]
119537594 [5,1,3,7,10,6,11,13,2,12,9,14,8,4]
119538527 [7,3,5,6,2,4,1]
120369722 [3,4,8,2,6,9,1,7,5]
120514937 [2,1,5,4,3]
121985228 [5,3,4,1,2,7,6]
122350923 [2,1,5,3,6,7,4]
122481132 [4,15,8,9,1,12,10,17,2,6,13,7,16,5,3,14,11]
122634702 [5,3,4,1,2,6]
122877321 [5,2,3,4,1]
122954510 [3,2,7,8,1,5,6,4]
123362778 [1,4,5,3,2,6]
123526191 [3,2,8,4,1,7,9,6,5]
123556483 [6,2,3,10,11,8,4,13,9,12,5,7,1]
123599114 [4,5,6,2,7,3,1]
123852173 [5,3,2,6,1,4]
124020855 [6,4,2,5,1,3]
124025686 [4,23,9,3,2,17,8,12,15,18,22,6,10,16,13,20,14,21,24,5,1,19,11,7]
124029122 [35,31,22,23,20,13,37,5,4,12,14,10,33,16,40,43,19,18,25,42,41,3,6,11,38,17,24,30,28,29,21,34,32,8,2,7,1,39,9,15,26,27,36]
124034920 [1,2,3,4,6,5]
124034926 [3,5,11,1,2,4,9,10,8,13,12,7,6]
124540566 [2,4,1,5,3]
124594202 [7,33,22,1,32,26,3,30,15,25,20,8,5,11,13,10,21,31,9,23,16,28,14,34,4,24,29,17,12,6,2,19,27,18]
124616642 [25,20,2,24,8,1,4,16,28,14,27,26,21,3,12,15,7,10,22,17,23,18,13,11,9,5,6,19]
124712487 [3,4,1,2,5,6]
124789639 [6,7,1,3,5,2,4]
125221203 [13,6,1,12,4,5,11,9,8,3,15,7,14,10,2]
125317893 [3,4,1,6,5,2]
125348528 [4,5,3,2,1]
125425489 [3,1,4,5,2]
125528230 [2,1,4,5,3]
125926572 [8,7,1,3,6,5,4,2]
126036923 [10,11,3,8,7,2,12,4,5,9,6,1]
126039511 [10,1,9,13,4,6,8,12,2,14,5,3,7,11]
126381635 [9,7,12,1,3,13,5,6,10,2,4,11,8]
126432169 [14,23,3,32,28,10,13,30,29,19,26,18,27,4,9,31,20,21,12,16,24,25,7,15,22,1,11,17,5,6,2,8]
126533829 [18,15,9,13,11,1,20,5,17,16,12,6,8,14,10,3,22,21,4,2,19,7]
126537537 [8,12,13,4,7,11,5,9,10,3,6,1,2]
126555660 [8,10,5,6,2,14,3,11,7,4,12,1,9,15,13]
126578694 [3,6,1,2,8,4,5,7]
126773538 [3,4,5,1,2,6,7]
127012465 [1,8,19,4,17,9,11,5,3,20,15,18,13,16,21,7,10,14,2,6,12]
127067672 [3,8,2,5,7,6,4,1]
128140919 [2,10,8,13,4,1,9,5,3,11,6,12,7]
128146733 [1,2,4,7,5,6,3]
128183725 [3,5,4,2,1]
128528765 [4,9,7,5,6,3,2,8,1]
128629469 [6,9,5,8,2,3,1,4,7]
128699432 [3,4,11,15,18,16,10,12,13,17,9,8,1,5,7,6,2,14]
128705751 [3,1,4,5,6,2]
128728423 [7,5,9,2,3,1,6,4,8]
129053008 [7,13,5,14,12,10,9,8,1,2,3,6,4,11]
129285972 [7,2,1,4,5,6,3]
129285997 [6,4,5,3,1,2]
129422668 [3,1,5,7,2,6,9,8,10,4]
129611511 [5,1,8,6,4,9,2,7,3]
129620688 [10,9,8,19,3,20,4,7,18,22,1,24,5,13,17,2,6,23,21,15,14,12,11,16]
129632869 [2,13,12,6,8,15,5,3,4,9,1,7,14,10,11,17,16]
129666200 [5,2,1,3,4]
129669924 [7,5,9,12,13,10,11,2,3,4,6,8,1,14]
130762608 [3,5,4,2,1]
130813013 [26,20,19,22,2,18,6,12,16,7,13,23,4,17,11,25,24,21,15,1,3,14,9,10,8,5]
130900020 [10,14,12,3,9,11,15,16,13,7,2,5,4,1,8,6]
130912956 [3,4,2,5,1]
130928472 [9,5,1,7,17,20,6,16,14,11,13,2,18,22,15,10,4,12,19,3,21,8]
131226166 [2,1,4,6,3,5]
131241243 [7,22,15,19,10,28,26,21,12,3,23,11,20,25,2,27,4,24,8,29,5,16,9,17,18,1,13,14,6]
131457249 [25,1,6,23,10,19,16,7,9,22,14,12,2,8,20,13,15,11,17,21,4,24,3,18,5]
131624373 [22,23,8,7,12,9,17,15,11,1,5,14,13,20,18,6,19,4,10,3,2,16,21]
131629169 [6,7,5,11,2,8,9,1,4,10,3,12]
131798578 [27,10,4,26,5,12,20,23,15,7,24,19,25,13,14,21,17,3,1,28,18,11,16,22,6,9,2,8]
132158943 [2,16,20,15,7,19,9,1,5,12,14,8,13,18,10,3,11,4,6,17]
132226643 [2,5,6,4,7,1,8,3]
132228403 [4,1,3,9,7,8,2,5,6]
132754214 [6,4,16,22,15,20,23,5,13,7,2,9,18,24,17,11,12,1,8,14,3,19,25,26,21,10]
132764888 [6,17,14,16,1,12,2,15,9,5,3,19,20,7,8,4,13,18,11,10]
132789347 [4,1,3,5,2]
133262626 [2,6,5,1,4,3]
133737286 [16,14,7,4,6,11,2,13,1,8,15,5,9,10,12,3]
135151337 [6,3,4,2,5,1]
135191286 [14,25,34,38,23,28,35,30,11,3,21,6,15,37,26,4,36,39,10,7,31,13,16,1,19,8,29,17,24,2,33,5,40,22,27,12,32,20,9,18]
136540262 [9,10,8,5,2,3,4,6,7,1]
136860002 [2,4,6,5,3,1]
136872817 [4,2,6,1,5,3]
137142138 [1,14,9,6,13,12,10,3,22,7,5,20,11,8,17,4,18,21,19,23,16,15,2]
138265766 [13,8,9,2,10,5,12,3,11,1,7,6,4,14]
138319466 [6,4,2,5,3,7,1]
138490479 [9,7,5,4,11,10,3,8,2,1,6]
139328901 [7,9,6,8,2,10,5,12,11,4,3,1]
139991510 [7,1,3,2,4,10,5,8,9,6]
139999852 [5,1,3,6,2,4]
140005192 [3,5,7,1,4,2,8,6]
140275972 [6,1,4,5,3,2]
140286887 [1,3,5,4,2]
140454224 [3,7,2,8,6,1,10,4,9,5]
141271169 [1,2,5,4,3,6]
141929130 [2,10,3,8,1,12,5,6,4,11,7,13,9]
142164068 [5,2,1,4,3]
142172034 [6,1,4,9,3,2,10,8,7,5]
142180205 [22,18,24,6,13,14,1,20,7,10,32,29,11,8,2,35,37,36,5,33,30,17,34,21,26,31,16,27,19,12,3,23,25,15,9,4,28]
142363582 [12,13,14,1,7,11,4,10,2,6,15,8,9,3,17,16,5]
142392256 [26,6,25,31,29,22,11,4,1,23,9,5,3,30,10,21,14,2,13,19,15,24,8,28,18,7,17,16,20,12,27]
143121380 [6,10,8,4,2,5,11,3,9,7,1]
143299506 [5,4,1,3,2]
143342880 [22,28,41,27,8,5,16,23,4,36,44,1,33,24,13,29,49,45,15,34,12,26,32,39,48,38,18,47,7,40,43,11,31,2,3,30,20,6,37,35,14,17,21,9,10,42,19,46,25]
144181692 [9,5,12,4,7,2,1,10,3,11,13,14,6,8]
144355330 [5,3,6,10,4,12,1,2,8,11,7,9]
145119489 [5,1,6,7,3,2,8,4]
146204982 [18,13,2,14,16,6,8,12,10,20,21,15,11,1,5,17,4,7,19,3,9]
146257996 [4,6,9,1,7,8,2,5,3]
146965323 [1,5,8,6,4,2,7,3,9]
147065470 [5,1,2,4,3]
147087922 [7,6,1,5,2,4,3]
147183803 [6,10,9,2,3,4,8,7,1,5]
147316377 [5,7,3,4,10,8,6,9,1,2,11]
147676380 [3,4,8,10,7,1,2,6,9,5]
147687417 [13,10,2,8,6,5,12,1,4,3,9,11,7]
147707603 [4,1,2,5,3]
147897428 [8,11,7,12,3,10,4,9,1,5,2,6]
148111175 [1,5,11,16,4,8,6,2,7,15,3,14,12,10,13,9]
148170417 [3,2,6,1,4,5]
148251566 [5,2,1,3,6,4]
148862382 [5,2,6,3,1,4]
148910094 [6,9,8,2,4,11,12,1,7,5,3,10]
148989734 [6,1,5,4,3,2]
148995194 [4,7,1,6,5,10,9,3,2,8]
149061387 [9,7,5,1,2,8,4,10,6,3]
150257949 [3,7,2,5,6,1,4,8]
150260824 [7,2,5,1,6,4,8,3]
150576439 [2,7,6,8,10,12,5,4,9,3,11,1]
150614365 [3,4,5,1,2]
150854359 [5,1,4,3,6,7,2]
150926911 [1,7,6,2,5,4,8,3]
150950688 [3,10,18,5,16,2,1,7,6,11,15,14,12,17,9,8,13,4]
151783708 [8,15,4,13,14,11,9,6,7,10,12,2,3,1,5]
151809006 [5,2,6,4,3,1]
151828574 [6,11,9,1,3,4,8,7,5,10,13,12,2]
151955831 [3,9,14,15,17,4,10,2,12,16,7,6,13,8,11,5,1]
151961759 [4,1,5,6,2,3]
151964330 [7,4,2,10,14,8,6,16,9,1,13,5,3,15,12,11]
151977299 [5,3,1,4,6,2]
152204256 [11,1,4,8,7,16,13,5,12,9,14,15,3,10,2,6]
152341065 [9,16,6,15,2,14,13,1,7,12,4,10,3,11,5,17,8]
152746543 [2,5,1,3,6,4]
152754942 [1,3,5,2,4]
152992614 [5,6,2,3,4,1]
152999659 [10,11,8,5,4,2,7,1,3,9,6]
153117725 [6,9,1,20,4,7,37,19,42,39,15,26,2,41,21,30,35,16,10,18,13,32,23,38,11,34,3,27,28,8,22,25,14,17,31,5,12,29,40,33,24,36]
153239459 [4,6,1,2,3,5]
153363497 [10,2,8,4,3,1,9,12,5,11,6,7]
153595294 [8,3,14,9,1,16,4,12,2,6,11,5,10,13,15,7]
153839834 [3,4,1,5,6,2]
153971632 [4,2,3,1,5]
154019222 [12,11,13,2,10,6,14,7,3,8,1,4,15,9,5]
154288259 [5,4,2,6,3,1]
154403180 [1,2,5,4,6,3]
154460900 [7,6,2,1,5,4,3]
154460928 [11,5,7,1,9,15,14,6,12,3,2,13,8,10,4]
154595890 [10,2,6,5,3,9,8,4,7,1]
154787786 [4,12,17,9,8,1,14,3,16,5,7,6,15,13,10,2,11]
154981241 [1,7,4,3,9,11,8,10,12,2,6,5]
155058538 [10,4,2,11,7,6,12,9,13,1,5,8,3]
155124864 [1,5,2,8,6,3,4,7]
155169744 [3,8,13,9,2,18,16,6,11,17,4,19,12,1,5,10,7,15,14]
155232019 [9,4,16,6,10,7,5,3,15,12,14,17,1,11,13,2,8]
155388236 [1,2,5,4,3]
155395184 [1,6,3,4,2,5]
155427557 [3,6,2,1,4,5]
156343821 [2,4,5,1,3]
156360928 [3,4,5,1,2]
156368848 [6,1,4,5,2,3]
156378879 [18,24,11,1,6,5,9,13,23,3,16,21,19,7,12,2,17,15,20,14,8,4,10,22]
156468732 [18,7,13,6,20,8,10,12,19,21,4,11,5,14,1,15,16,17,2,3,9]
156496280 [1,2,3,4,5]
156565348 [5,4,2,1,3]
156565363 [8,1,3,6,4,7,2,5]
156596501 [5,7,2,6,8,10,3,9,4,11,1]
156878973 [1,4,6,7,3,5,8,2]
156946105 [17,7,11,16,8,14,9,2,1,18,4,15,12,5,3,10,13,6]
157127388 [16,18,2,8,10,6,12,7,9,3,14,20,21,17,1,4,11,15,13,19,5]
157133593 [4,2,3,6,1,5,7]
157210621 [2,5,4,6,3,1]
157267592 [2,4,5,3,6,1]
157272957 [6,2,3,4,5,9,7,8,1]
158374851 [4,1,7,5,8,16,10,12,14,6,3,13,11,9,15,2,17]
158662306 [3,8,9,5,7,1,2,6,4]
158701603 [1,5,4,2,3]
158705353 [3,4,5,2,1]
159243531 [12,8,11,14,5,4,1,3,13,9,7,10,6,2]
159438260 [1,4,6,10,5,14,13,3,11,7,8,9,2,12]
159732417 [2,6,7,3,5,1,4]
159868107 [5,2,6,1,4,3]
159876570 [10,3,4,5,7,2,6,9,8,1]
159933546 [2,1,6,3,7,8,5,4]
160291212 [6,2,1,9,5,10,8,7,4,3]
160293370 [5,4,10,3,1,8,6,11,12,9,2,7]
160326284 [5,6,1,2,3,4]
160369699 [1,5,3,2,4,6]
161171064 [5,3,7,1,4,9,10,2,8,6]
161820103 [1,3,5,4,2]
161838142 [17,14,19,15,8,10,7,11,12,9,1,3,16,18,2,6,13,4,5]
161843560 [1,4,2,3,5]
162375930 [21,18,2,20,1,13,3,7,10,11,9,5,12,17,8,15,6,4,14,19,16]
162383141 [3,1,5,2,7,4,6]
163213675 [6,5,4,3,1,2]
163216705 [5,7,19,17,11,3,9,6,4,8,16,15,10,14,13,18,1,21,12,2,20]
163217013 [2,8,16,12,6,10,32,20,18,7,25,27,29,22,21,14,13,3,30,23,4,28,26,17,5,19,1,11,15,31,24,9]
163221683 [6,2,3,1,5,4]
164112551 [14,8,4,10,15,11,13,12,1,9,5,7,6,2,3]
164115751 [5,3,2,7,4,6,1,8]
165087393 [10,8,7,4,1,9,2,5,6,3]
165768799 [8,7,4,11,3,5,9,10,1,13,6,2,12]
165921753 [2,20,7,18,10,19,6,16,13,5,26,25,23,9,8,15,12,24,11,17,1,21,3,14,22,4]
165998552 [3,9,2,8,6,4,5,7,1]
166323358 [2,5,1,3,6,7,4]
166419505 [6,2,1,3,5,4]
166926274 [1,6,9,2,8,4,7,3,5]
167000807 [1,4,2,3,5]
167808591 [4,2,6,3,5,7,8,1]
167995640 [1,19,5,23,12,3,11,25,6,4,26,10,7,2,21,17,24,20,8,16,22,18,9,15,13,14]
167995644 [11,21,8,14,22,20,17,9,6,7,23,12,16,3,10,5,18,4,15,13,19,1,2]
168756313 [16,1,12,6,11,22,10,9,23,24,20,28,8,2,13,21,3,27,7,15,25,4,5,14,17,26,18,19]
168927856 [2,6,5,3,7,1,4]
168981146 [2,9,5,4,1,7,10,8,6,3]
169009989 [1,4,2,5,3]
169705853 [18,14,4,11,1,12,6,2,3,15,5,17,7,10,16,13,8,9]
169717122 [1,4,5,3,2]
169911838 [1,5,3,4,2]
170239320 [6,2,3,1,4,5]
170269664 [8,14,16,12,5,10,2,6,21,7,18,3,15,17,22,11,1,13,4,20,9,19]
170328019 [3,5,2,4,1]
170437613 [9,12,7,10,4,2,11,5,1,3,16,13,15,8,14,6,17]
170440403 [27,18,5,16,4,14,9,10,3,7,26,20,23,13,30,28,15,1,6,24,8,19,12,22,2,17,29,25,21,11]
170749757 [14,16,1,19,38,13,5,9,29,39,4,10,12,37,28,18,35,17,36,34,32,24,25,11,27,6,26,30,23,20,15,31,3,22,2,21,33,7,8]
171932300 [3,11,5,8,4,14,6,9,16,1,2,10,17,13,18,12,15,19,7]
172119587 [4,2,5,1,3]
172192828 [2,6,3,1,4,5]
172840078 [9,4,16,6,10,15,18,3,11,17,5,13,12,1,2,7,14,8]
173658296 [4,5,6,3,7,2,1]
174081389 [4,2,1,5,3,6]
174084837 [38,33,15,12,6,18,36,5,2,11,29,4,14,25,20,37,21,23,28,35,27,8,16,34,17,22,24,30,31,13,26,19,32,9,10,3,1,7]
174147291 [5,6,4,1,3,2]
174384310 [4,10,1,8,6,3,5,9,7,2,13,11,12]
174397759 [6,1,7,5,3,2,4]
175654109 [9,2,6,8,7,3,1,5,4]
176309423 [3,4,2,1,5]
176820967 [6,9,7,11,8,10,3,2,4,1,5]
176908674 [7,4,2,1,8,3,5,6]
177222695 [3,1,2,4,5]
177591794 [3,4,1,2,5]
177631333 [19,7,3,9,8,24,16,13,23,14,11,5,6,4,15,18,10,22,25,12,2,17,1,21,20]
177834905 [7,1,12,4,9,2,8,11,14,6,10,3,13,5]
177883958 [2,7,5,4,6,9,8,10,3,1]
178171842 [5,4,2,3,6,1]
178893088 [5,3,6,7,1,4,2]
178901781 [2,10,3,7,1,5,8,6,11,4,9]
178919245 [8,14,2,3,1,6,12,10,11,15,5,17,16,9,13,7,4]
179827593 [2,3,4,1,7,6,5]
179828240 [1,5,10,3,12,6,15,14,9,13,4,7,2,8,16,11]
179835568 [7,2,1,9,15,10,6,13,5,3,4,8,14,12,11]
179835569 [13,4,15,23,2,12,9,29,27,21,1,16,26,3,7,22,28,10,24,19,20,5,18,11,17,8,25,14,30,6]
179991466 [8,9,4,5,2,3,7,1,6]
180535708 [27,7,53,40,8,37,35,56,68,15,43,67,51,3,66,14,61,32,20,2,18,45,59,29,48,21,23,10,17,26,36,44,41,65,1,39,12,25,13,30,57,16,58,46,63,69,31,34,6,24,5,22,19,54,55,60,4,49,42,9,11,33,52,28,50,64,47,62,38]
180535774 [3,6,1,4,2,5]
180780493 [7,4,6,5,3,2,1,8]
180790118 [1,5,4,3,6,2]
180793358 [6,3,12,4,5,8,1,2,7,11,9,10]
180832704 [5,2,4,6,3,1]
180880714 [1,3,7,10,5,4,11,8,6,12,2,9]
180975890 [5,7,4,2,6,1,3,8]
181085492 [7,1,21,12,10,17,9,4,11,15,3,6,22,13,18,16,14,8,5,20,19,24,2,23]
181130354 [12,16,2,9,8,19,13,4,5,22,11,21,18,7,1,15,3,20,23,6,10,25,14,17,24]
181504939 [4,2,3,5,1]
181635397 [2,5,1,3,4]
181923675 [8,7,6,1,5,4,3,2]
181955332 [4,1,5,6,3,2,7]
182003373 [4,3,2,5,6,1]
182204161 [10,14,4,1,11,13,9,3,7,6,5,2,8,12]
182222671 [5,1,6,2,3,9,7,8,4]
182289882 [3,2,4,1,5]
182395969 [10,9,7,5,4,13,14,3,12,11,2,6,1,8]
182455552 [18,12,27,26,21,13,6,22,5,10,25,14,2,7,3,8,20,17,9,24,4,19,11,1,15,23,16]
182593509 [6,11,15,9,10,7,4,12,14,8,3,16,2,5,17,13,1]
183358863 [24,3,38,28,19,10,27,12,33,15,8,36,20,7,21,13,31,25,5,34,1,9,17,18,39,35,11,16,22,2,29,6,4,37,14,23,26,30,32]
183796842 [2,6,11,3,5,8,10,7,9,4,1]
183825371 [27,37,24,29,25,1,26,4,21,6,43,20,31,16,12,15,34,41,11,13,19,5,18,10,8,40,14,38,45,28,36,7,32,42,35,2,17,23,3,9,22,44,39,33,30]
183859421 [2,8,4,7,1,5,3,6]
183867416 [8,4,5,3,1,2,7,9,6]
183868137 [6,4,1,5,2,3]
184096789 [17,11,18,3,6,13,7,4,19,16,12,1,15,10,14,5,20,9,21,8,2]
184165941 [18,11,4,16,6,17,15,10,14,9,1,3,7,13,8,2,5,12]
184276786 [1,2,3,6,5,4]
184417373 [1,6,9,3,11,8,12,10,4,2,5,7]
184623156 [23,5,24,18,13,15,20,1,12,25,6,22,2,10,9,14,21,3,4,8,17,26,7,11,16,19]
184639418 [2,4,5,1,3]
184838832 [8,6,9,7,3,1,2,4,10,5]
184957839 [1,7,2,5,6,3,4]
184982417 [4,6,3,5,1,2]
184993179 [7,1,6,5,4,3,2]
185012535 [25,24,16,4,13,19,1,5,20,21,11,15,7,12,3,9,18,17,23,26,8,14,2,6,10,27,28,22]
185028569 [4,2,1,6,3,5]
185554193 [2,1,5,4,3]
185601715 [13,11,1,3,12,4,10,7,6,8,5,9,2]
185610261 [6,5,1,4,3,7,2]
185621605 [6,13,12,11,15,4,9,3,1,5,2,14,7,8,10]
185624622 [1,7,3,4,8,6,2,5]
185716362 [14,5,2,6,7,4,1,9,11,10,15,8,3,13,12]
185814328 [14,3,38,19,6,35,4,24,10,29,27,9,5,15,23,20,34,16,17,21,7,32,8,36,31,13,12,18,2,11,37,1,30,25,33,22,28,26]
185920029 [1,6,3,2,4,5]
185935940 [6,2,3,7,4,1,5]
185955976 [17,15,19,18,25,14,21,6,8,7,13,10,5,23,2,16,20,24,3,9,12,11,22,1,4]
185988037 [7,6,9,14,1,4,10,3,5,12,13,8,11,2]
185999224 [8,5,6,4,2,7,9,1,3]
186011247 [8,7,2,10,4,3,11,5,6,9,1]
186654213 [7,4,11,5,1,16,10,8,12,9,14,3,6,2,15,13]
187271772 [2,5,4,10,14,12,16,6,15,13,8,3,11,9,1,7]
187450706 [2,1,3,6,5,4]
187471248 [13,10,4,11,3,19,12,16,5,9,8,7,17,6,18,1,14,15,2]
187667419 [4,1,5,3,6,2,7]
187848474 [8,4,2,6,7,1,5,3,9]
188134364 [6,2,5,8,7,1,4,3]
188164633 [11,2,3,7,10,4,8,6,9,5,1]
188165476 [2,5,3,4,1]
188185664 [1,3,5,4,6,2,7]
188187591 [8,7,4,6,5,2,3,1]
188274675 [3,2,7,6,1,4,5]
188277020 [5,2,7,3,1,6,4]
188280733 [3,8,7,9,2,1,6,4,5]
188527947 [4,2,5,1,3]
189303362 [2,6,3,1,5,4]
189496614 [45,30,27,1,44,5,29,50,56,42,2,8,21,47,32,61,40,36,46,20,38,18,25,23,16,33,19,12,6,7,34,60,53,9,39,14,57,43,22,28,51,52,58,31,13,10,41,37,11,35,26,54,15,49,59,4,17,48,55,3,24]
189865221 [9,8,29,4,17,20,28,15,22,14,13,25,27,23,10,18,11,24,5,19,12,1,3,16,21,7,6,2,26]
190449234 [3,6,2,8,10,7,4,9,5,1]
190455261 [3,4,7,2,1,5,6]
191178375 [3,1,5,4,6,2,8,7]
191421624 [20,9,3,28,1,11,23,2,8,13,27,18,6,25,10,17,21,26,16,19,14,22,7,24,15,4,12,5]
191737400 [3,7,10,1,8,9,5,2,11,6,4,13,12]
191784098 [17,18,10,25,14,15,5,19,6,12,24,16,22,3,2,23,7,8,20,13,11,9,4,1,21]
192464216 [6,3,4,5,8,1,7,2,9]
192603441 [1,2,7,6,4,3,5]
193342716 [1,5,7,2,10,4,8,11,6,9,3]
193395853 [4,5,2,3,1]
193577016 [1,3,2,4,5]
193722594 [6,5,2,1,4,3]
193769785 [24,19,17,21,28,18,26,6,14,29,9,23,13,10,5,1,3,27,25,20,12,7,15,4,31,8,2,11,30,22,16]
193823658 [4,3,8,2,6,9,7,1,5]
193896956 [4,5,7,3,6,1,2]
194299396 [2,5,4,1,6,3]
194342526 [7,4,1,2,5,3,6]
194806420 [6,9,10,12,3,7,13,11,8,5,1,4,2]
194858365 [1,7,3,4,6,8,2,5]
194861193 [2,1,4,3,5]
195102401 [19,21,18,7,8,37,39,43,35,26,23,24,9,4,12,1,11,10,27,22,41,5,6,36,30,13,20,31,29,2,32,40,38,17,15,3,25,42,28,14,34,33,16]
195332112 [2,3,5,1,4]
195411434 [20,27,36,1,6,22,5,11,40,14,34,17,25,31,7,13,35,37,32,33,30,21,38,4,28,29,24,16,39,3,2,26,19,15,23,8,18,12,9,10]
195411876 [3,5,2,4,1]
195890075 [2,4,3,1,5]
196129159 [1,4,2,6,5,3]
196826211 [10,4,2,9,13,5,1,3,12,11,8,6,7]
196958454 [1,4,5,3,2]
197347311 [4,6,9,7,1,2,5,8,3,10]
197364573 [4,5,3,1,6,2]
197762565 [2,5,4,1,3]
197812863 [3,4,9,1,2,8,6,10,7,5]
197931111 [5,4,2,6,1,3]
199308643 [18,11,10,15,17,19,3,14,6,20,9,8,16,2,21,13,12,7,5,4,1]
199451031 [3,2,1,6,4,5]
199799671 [1,8,10,2,3,5,4,11,7,9,6]
200907874 [18,17,28,23,13,2,20,24,14,11,3,9,7,10,5,29,15,19,22,4,1,27,8,21,25,12,6,16,26]
201211218 [2,1,4,3,5]
201220204 [5,6,1,7,2,3,4]
201245986 [2,6,4,5,7,1,3]
201485342 [7,14,10,12,9,21,25,2,13,8,20,18,23,4,16,5,15,22,6,24,11,1,3,17,19]
201486777 [5,13,17,1,10,18,14,15,6,12,9,19,2,11,3,4,7,8,16]
201726950 [2,1,5,4,3]
201726953 [9,16,5,8,18,7,4,14,13,3,11,10,15,2,20,17,19,6,21,12,1]
201774053 [4,2,5,3,7,1,6]
202920059 [5,1,2,4,3,6]
202941943 [11,7,14,9,5,12,3,1,13,4,10,2,6,8]
203381137 [5,2,6,3,4,1]
203401734 [14,6,8,1,15,9,5,7,16,18,4,12,11,3,2,10,13,17]
203435073 [7,5,6,3,4,2,1]
203468397 [2,5,3,1,4]
204155056 [4,8,6,1,9,3,2,7,5]
204256107 [21,11,18,8,7,26,22,3,25,19,2,10,24,15,17,23,5,4,6,12,13,27,9,1,14,20,16]
204470532 [11,3,12,5,10,7,9,14,6,4,13,8,2,1]
204496590 [6,10,15,14,2,4,3,7,5,18,13,17,8,12,16,1,9,11]
204501970 [7,2,6,5,4,1,3]
204766796 [1,7,14,13,11,4,5,8,9,2,3,15,6,17,12,10,16]
204962950 [4,2,6,3,1,5]
205157840 [1,3,11,7,16,6,4,15,12,2,14,9,8,5,10,13]
205381329 [38,24,17,32,26,33,8,4,23,5,10,35,7,16,20,1,6,22,3,11,37,2,15,25,28,30,31,34,12,14,27,21,36,9,19,13,29,18]
205474230 [4,2,1,3,5]
205493987 [2,3,6,1,5,4]
205499893 [6,1,3,5,2,4]
205524504 [2,8,5,7,3,4,6,1]
205651953 [3,6,5,2,4,1]
205719036 [2,6,5,4,1,3]
206022258 [2,1,5,3,6,4]
206064130 [3,2,4,5,1]
206448105 [3,4,5,1,2]
206458428 [6,2,13,7,9,11,3,1,8,14,12,4,10,5]
206469209 [26,20,25,14,24,37,35,33,8,19,17,31,4,21,2,13,23,32,10,18,38,5,28,15,11,22,7,34,16,3,9,6,30,27,36,1,12,29]
206512181 [4,1,5,3,2]
206605169 [11,15,2,13,5,6,1,7,8,14,16,17,3,10,12,9,4]
206624290 [12,11,2,5,1,9,4,3,10,6,8,7]
206633491 [8,7,9,1,5,6,2,4,3]
206704937 [2,6,5,3,4,1]
206727297 [5,6,3,4,2,1]
206787378 [2,8,4,3,6,5,1,7,9]
207078942 [6,9,2,7,4,5,1,8,3]
207116601 [1,5,7,13,9,10,4,11,12,14,3,6,15,2,8]
207276171 [14,12,1,11,9,7,6,8,3,5,2,15,10,13,4,16]
207393635 [5,11,3,10,12,7,9,1,8,4,2,6]
207394903 [1,11,15,7,24,8,23,25,3,6,2,12,16,17,28,5,27,30,18,4,22,29,19,26,31,14,13,20,9,21,10]
207398967 [4,9,7,2,8,6,3,1,5,10]
207428002 [10,6,8,1,4,5,3,9,11,7,2]
209383430 [5,6,3,2,1,4]
209419784 [1,4,2,3,5]
209431915 [7,12,2,8,9,6,3,5,11,4,10,1]
210628984 [3,2,5,6,1,7,8,4]
213208961 [2,9,4,6,5,8,7,1,3]
214053767 [2,5,1,4,3]
214086519 [52,27,38,42,50,36,6,28,24,31,7,4,17,40,10,21,11,35,26,14,8,9,53,37,45,2,16,33,25,54,22,3,41,18,20,12,13,32,29,49,19,44,23,1,5,39,48,15,43,51,46,30,47,34]
214106953 [3,4,17,15,9,10,13,6,1,7,5,2,14,11,8,12,16]
214114397 [10,7,13,14,9,6,8,4,1,12,3,2,5,11]
214926341 [23,3,13,18,25,26,6,28,16,11,12,9,17,30,5,27,22,31,4,24,10,2,15,20,1,14,21,29,8,19,7]
215049000 [4,6,2,1,3,5]
215535648 [5,6,3,1,4,2]
215858658 [4,3,5,7,2,11,6,9,1,8,10]
216752127 [35,11,36,12,37,1,10,41,21,32,16,25,40,13,6,27,45,29,38,2,28,17,30,19,43,22,15,42,26,14,31,39,4,3,33,9,44,7,20,5,23,34,24,18,8]
216938037 [29,32,13,16,2,8,17,27,9,7,21,25,23,11,26,5,19,22,6,30,20,12,4,14,18,31,15,28,1,24,3,10]
217012711 [4,1,8,2,6,9,7,3,5]
217123745 [4,2,3,5,1,7,6]
217129621 [8,2,9,5,7,4,11,6,1,10,3]
217317896 [6,2,5,4,7,9,3,1,8]
217322749 [12,8,19,13,20,11,16,4,2,3,5,10,22,21,7,17,14,15,1,9,18,6]
218454416 [5,2,13,6,3,16,12,11,10,9,4,7,14,8,1,15]
218795557 [4,6,5,10,12,8,9,1,3,7,2,11]
218881706 [3,2,6,4,1,7,5]
219177126 [45,16,8,46,33,2,37,38,35,51,25,26,48,5,29,28,10,14,11,21,40,22,43,49,27,19,6,47,50,18,12,1,20,15,4,9,32,30,7,17,3,23,24,34,42,44,39,36,13,31,41]
219344959 [3,7,5,6,14,11,9,8,4,1,12,10,2,13]
219366210 [3,15,9,5,12,6,13,11,16,1,10,4,7,8,2,14]
219366661 [9,3,5,1,4,7,2,8,6]
219417568 [5,4,7,2,13,12,3,9,1,8,14,6,10,11]
219591520 [4,6,2,8,1,5,3,7]
220472326 [21,25,32,30,28,27,18,17,15,29,4,9,6,14,3,12,8,16,10,22,24,19,23,2,31,5,26,13,11,1,20,7]
220630923 [5,1,2,4,6,13,7,12,8,3,9,11,10]
220774441 [2,1,5,4,3,6]
220846225 [8,4,5,7,3,6,2,9,1]
221148871 [18,15,14,3,4,16,1,13,11,8,12,2,17,19,6,9,5,7,10]
221382673 [2,5,7,1,6,3,8,4]
221431236 [6,4,5,2,1,3]
221432633 [4,3,2,6,8,1,7,5]
221444887 [3,6,1,2,5,7,4]
221472499 [8,9,13,2,4,6,5,1,11,7,3,10,12]
222007085 [2,7,1,4,6,3,5]
222283227 [5,2,1,6,3,4]
222284709 [8,5,2,6,4,7,3,1]
222288540 [2,16,11,6,7,17,5,9,4,8,13,3,19,14,10,1,15,18,12]
222736117 [3,4,2,10,5,9,6,1,8,7]
222753833 [1,2,7,5,4,6,3]
222783694 [8,4,11,9,6,3,2,10,7,5,1]
222829011 [14,17,1,7,27,20,4,19,10,3,2,26,15,13,24,12,23,5,9,21,22,16,18,11,25,8,6]
222888296 [5,2,1,3,4]
222914776 [12,11,21,5,14,13,4,10,2,3,18,9,17,6,15,20,1,16,19,8,7]
222949497 [3,7,1,5,9,4,2,8,6]
222964571 [2,3,1,4,5]
223324437 [4,6,5,1,3,2]
223327216 [5,3,2,1,4,6]
223336801 [10,9,1,2,7,11,3,8,6,4,5]
223340912 [5,2,1,3,4]
223421622 [4,3,5,6,1,2,7]
223722944 [3,4,7,1,5,6,2]
224490077 [1,3,4,5,2]
224819651 [5,8,7,6,4,2,3,1]
224857626 [3,7,2,5,1,6,4]
224983008 [4,5,2,1,3]
225234204 [10,15,2,8,11,7,3,18,13,4,6,1,14,19,5,16,9,17,12]
225280264 [29,21,27,9,5,23,31,28,10,6,8,26,30,2,25,7,14,1,4,20,16,22,19,24,15,11,18,12,3,13,17]
225445048 [3,9,10,1,7,8,4,5,2,6]
225450210 [4,2,6,7,1,3,5,8,9]
225726302 [5,4,3,2,6,1,7]
225787158 [5,1,2,4,3]
225795765 [12,15,5,10,6,1,8,7,9,11,2,4,13,3,14]
225982588 [3,32,41,45,38,25,21,9,15,20,17,33,5,30,19,26,31,28,29,4,18,44,24,10,8,43,14,35,1,39,37,23,36,13,12,42,40,2,22,16,34,7,6,27,11]
226067908 [1,5,3,2,4]
226397094 [11,19,5,10,23,4,24,3,22,17,7,12,16,1,14,6,18,21,13,9,15,2,8,20]
226422165 [1,4,8,2,5,3,6,7,9]
226663278 [3,4,2,7,1,6,5,8]
226762751 [2,10,3,14,9,8,12,4,7,5,1,11,6,13]
226980007 [7,8,12,6,2,3,9,1,10,11,5,4]
227450470 [3,12,21,5,7,6,8,1,4,17,2,15,9,11,20,10,18,16,22,13,14,19]
227809928 [7,1,2,6,5,8,4,3]
228322331 [10,11,5,8,12,2,1,6,9,3,7,4]
228624492 [10,6,5,13,1,12,11,3,9,4,14,15,2,7,16,8]
228640355 [4,9,5,11,15,14,20,2,12,22,10,13,1,18,16,3,19,21,6,17,7,8]
228640363 [10,16,15,14,6,9,1,7,13,11,5,3,2,4,12,8]
228662644 [11,6,2,8,14,9,12,3,13,1,7,5,10,4]
228778876 [2,6,1,3,5,4]
228922955 [3,2,4,5,1]
229585343 [14,3,13,9,4,5,12,2,10,8,6,1,7,11]
229589592 [5,4,6,1,7,2,3]
230069058 [6,1,3,10,4,5,8,9,2,7]
230481955 [5,1,3,16,12,13,8,10,17,14,7,6,20,18,11,4,21,9,15,19,2]
230552168 [16,7,17,18,1,11,5,12,2,13,10,3,6,14,8,15,4,9]
230873885 [4,7,6,3,5,2,1]
230968287 [1,2,5,3,4,6]
230977718 [9,14,16,1,12,10,2,5,3,13,6,7,4,15,11,8,17,18]
230985826 [10,2,17,11,7,12,5,8,4,13,14,6,9,15,18,3,1,16]
232293290 [5,2,1,3,6,8,4,7]
232457452 [2,3,5,1,8,7,4,6]
232594783 [7,8,6,5,1,4,2,9,3]
233578638 [11,6,3,12,8,1,5,9,13,7,4,14,10,2]
234153965 [7,17,21,16,14,22,8,20,5,1,23,6,11,27,3,2,4,28,25,10,13,19,15,26,12,18,9,24]
234483449 [1,5,2,6,4,3]
234605977 [2,1,3,6,4,5]
234686658 [11,8,27,7,21,10,23,18,24,22,19,2,13,14,15,16,5,9,1,17,12,3,25,6,20,26,4]
236139803 [1,5,6,3,4,2]
236498443 [2,5,7,8,3,6,4,1]
236505474 [8,7,9,2,6,3,10,16,5,1,11,4,13,15,14,12]
236929326 [10,2,13,6,5,3,9,1,11,7,8,12,4]
237673784 [2,12,8,6,1,16,15,4,11,10,3,13,9,5,14,7]
238555726 [18,41,5,3,26,34,4,7,12,1,21,23,13,29,42,32,14,37,39,27,38,16,36,24,35,11,19,33,40,2,9,43,8,17,20,28,22,31,30,15,6,25,10]
238766851 [5,10,2,9,3,6,4,1,7,8]
238842797 [2,6,4,5,11,13,1,15,14,7,8,16,10,3,9,12]
239285943 [5,1,2,4,3]
239348612 [16,9,4,14,18,2,3,7,21,17,5,13,20,15,1,6,22,12,19,11,8,10,23]
240119475 [2,3,5,4,1]
240463999 [5,3,7,2,4,6,1]
240521415 [6,1,4,2,7,3,5]
240546216 [4,3,6,2,5,1]
240842808 [11,3,13,7,12,5,6,14,9,2,1,8,10,4]
240862249 [2,3,4,7,1,6,5]
241573528 [67,9,74,75,49,63,62,42,13,7,3,29,6,53,2,38,17,4,73,23,61,54,37,76,1,15,12,77,44,57,31,16,69,26,10,24,32,27,46,30,51,18,72,50,11,68,70,52,40,65,71,34,25,59,8,35,66,5,41,58,56,36,21,14,48,19,39,78,20,55,47,28,45,22,64,33,43,60]
241576791 [12,14,11,5,3,13,7,9,8,10,1,6,2,4]
242021279 [6,1,7,2,4,5,3]
242337989 [2,3,4,5,1]
242492445 [4,8,6,3,2,5,9,1,7]
242595248 [3,5,1,9,4,6,2,8,7]
242807617 [3,4,2,1,5]
242856553 [4,2,5,3,1,6]
242893095 [5,3,6,4,7,1,8,9,2]
242921590 [6,3,1,4,9,10,5,7,2,8]
243153676 [31,17,3,27,13,1,6,21,14,5,4,10,12,15,30,9,11,26,29,2,16,8,7,23,19,24,18,20,25,22,28]
243170182 [2,1,6,5,3,4]
243174324 [4,2,5,3,1,7,6,8]
243313027 [7,1,6,5,2,8,3,4]
243337889 [1,5,3,4,6,2]
243340119 [11,10,1,6,14,13,2,7,5,4,3,9,8,12]
243389120 [4,8,2,3,5,11,6,9,10,7,1]
243573363 [7,3,11,5,10,4,8,16,13,14,6,1,15,12,9,2,17]
243622995 [7,3,5,6,9,4,2,10,1,8]
244086732 [3,4,6,7,1,5,2]
244126995 [7,3,2,6,4,1,5]
244138080 [3,24,9,12,11,20,2,13,26,14,21,10,23,17,16,1,18,8,19,5,4,22,25,15,6,7]
244150559 [1,3,2,5,4]
244156707 [3,5,6,8,2,1,4,7]
244216160 [15,5,20,21,8,19,10,9,17,1,13,14,12,7,2,18,4,11,3,16,6,22]
244292646 [2,7,6,1,3,5,4]
244302175 [5,3,11,6,1,9,10,4,8,2,7]
244385247 [6,4,7,1,5,2,3,8]
244386681 [1,4,5,2,3,6]
244396406 [29,18,26,32,25,20,19,4,21,23,16,31,24,5,7,13,33,17,8,22,9,11,36,34,30,28,3,10,6,15,1,2,12,14,27,35]
244452645 [5,3,4,2,6,1]
244571029 [5,4,3,6,1,2]
245123073 [3,8,4,6,1,2,7,10,9,5]
245226933 [8,6,7,4,2,5,3,1]
245549157 [2,5,4,3,1]
246486340 [6,3,8,1,2,7,5,4]
246911678 [6,7,2,5,3,4,1,8]
247524902 [3,4,5,1,6,2]
247534762 [17,16,10,2,5,12,18,4,1,3,13,9,6,7,8,15,11,14]
247540465 [1,6,3,7,5,4,2]
247881999 [1,2,5,3,6,4]
248277526 [17,34,30,39,14,33,22,15,19,37,12,11,25,49,8,3,40,6,20,32,29,24,7,4,51,53,38,27,10,13,28,44,1,35,5,41,52,36,18,54,31,23,47,45,42,21,16,2,9,26,48,46,43,50]
249018031 [6,4,2,8,7,3,5,1,9]
250368089 [3,1,2,5,4,7,6]
250516965 [6,4,7,5,3,8,1,2]
251093403 [7,6,1,5,9,12,8,10,3,4,11,2]
252311600 [2,4,3,5,1]
252468691 [1,4,6,3,5,2]
252516423 [2,4,6,9,12,7,8,11,10,13,3,5,1]
252917059 [3,12,7,6,8,1,11,13,15,4,14,5,9,2,10]
252996517 [3,5,1,4,2]
253838297 [2,3,4,1,5,6]
254181719 [9,7,6,1,2,5,4,8,3]
254251303 [11,6,5,10,9,3,7,2,12,8,1,4]
254259990 [9,6,1,7,5,13,8,11,3,16,2,10,14,12,4,15]
254304132 [3,4,1,6,7,5,2]
256930593 [2,4,5,1,3]
256974200 [7,1,5,6,2,3,4]
256980387 [10,4,7,8,2,5,11,1,6,3,9]
257003140 [2,4,5,3,1,6]
257925585 [4,5,7,3,2,6,8,1]
257931798 [4,10,12,13,8,3,5,7,11,14,1,9,6,2]
258078828 [7,2,1,6,5,4,3]
258801033 [7,6,4,8,3,2,1,5]
258844159 [1,9,7,3,8,5,2,11,17,6,15,4,14,12,10,16,13]
258923136 [6,4,3,2,1,5]
259363677 [2,7,3,1,6,10,14,13,9,5,8,11,12,4]
259600689 [3,6,2,1,4,5]
260261746 [6,9,12,8,2,3,11,10,7,4,1,5]
260327563 [5,6,2,8,7,4,9,1,3,10]
260784986 [9,7,1,8,3,10,6,4,5,2]
260786598 [3,2,5,4,1]
260821188 [1,2,5,8,6,4,7,3]
260909808 [6,4,1,5,3,2]
260967775 [5,15,9,7,2,10,3,17,12,11,6,4,16,1,14,13,8]
260977918 [4,3,2,1,5]
261043985 [14,2,7,5,6,13,15,10,16,11,3,4,1,9,8,12]
261328267 [9,2,5,6,10,3,1,4,7,8]
261329161 [1,7,2,5,4,6,10,8,9,3]
261341478 [6,4,2,3,1,5]
261349749 [2,5,1,4,8,3,7,6]
261376089 [6,1,3,9,7,4,5,8,2]
262089460 [11,3,7,2,4,8,1,9,10,5,6]
262150489 [15,14,23,22,24,12,16,8,1,7,5,3,21,2,10,20,19,18,11,4,17,9,6,13]
262310792 [4,6,2,3,1,5]
262318121 [11,12,7,1,4,5,6,9,13,2,3,10,8]
262560332 [5,4,1,6,2,3]
262624381 [1,2,5,3,4]
262642056 [4,10,11,8,2,6,12,9,5,3,1,7]
262786573 [6,1,2,5,4,3]
263306347 [4,10,8,20,17,9,6,12,19,11,18,13,16,2,1,5,3,15,14,7]
263341010 [13,7,11,5,21,16,15,6,18,12,20,19,10,8,17,14,1,3,23,24,2,4,25,22,9,26]
263355816 [1,5,3,4,2]
263357628 [1,6,7,2,4,5,3]
263703431 [6,3,5,7,2,1,4]
263756741 [3,2,4,5,1]
264258485 [33,12,13,30,10,6,34,28,22,19,24,17,21,26,25,1,20,9,27,7,11,14,18,23,3,2,29,16,15,5,8,4,31,32]
264279441 [2,3,5,4,1]
264283512 [6,7,3,9,5,2,8,1,4]
264297227 [5,3,4,2,1]
264313794 [8,1,12,4,6,3,9,2,7,10,11,5]
264693217 [7,8,1,6,4,3,2,9,5,10]
264771199 [5,1,6,8,4,3,7,2]
265011026 [5,7,4,2,3,6,1]
265043403 [9,6,2,5,8,3,7,1,4]
265836837 [6,17,5,18,3,2,4,1,16,8,13,15,7,12,11,14,10,9]
266866243 [20,11,1,17,12,14,5,15,4,6,18,7,13,19,10,2,3,16,9,8]
267935506 [1,5,4,3,2]
268001586 [3,5,1,4,2]
268011126 [21,3,20,16,15,11,1,12,9,8,18,19,5,13,6,2,17,7,14,4,10]
268013355 [2,1,4,5,6,3]
268731236 [4,9,10,11,7,5,8,3,6,2,1]
269125342 [12,3,4,6,7,14,11,8,5,9,2,10,13,1]
269126203 [8,11,10,17,14,5,12,4,2,22,7,21,6,19,1,18,15,9,3,13,20,16]
269625779 [2,4,3,6,8,9,5,1,7]
269878053 [33,2,24,13,20,9,11,28,8,18,5,17,29,12,22,14,25,31,4,34,1,26,3,32,19,27,7,21,30,6,36,10,16,23,15,35]
270342236 [8,7,2,1,6,4,3,5]
271004979 [4,5,3,1,2]
271626046 [4,7,10,6,5,2,8,3,9,11,1]
271886021 [10,2,1,4,7,8,6,11,5,3,9]
272564389 [8,6,7,3,2,9,4,1,5]
272940001 [5,2,3,4,1]
273002293 [7,4,5,2,6,3,1]
273165319 [4,8,9,10,7,11,1,2,5,6,3]
273584352 [1,5,4,6,2,3]
273633543 [4,6,8,14,7,11,3,1,9,13,15,12,5,2,10]
273715139 [2,6,7,4,8,3,1,5]
273719410 [1,8,2,6,4,5,3,7]
273858938 [5,2,1,6,3,4]
273866464 [2,1,4,3,5]
273873031 [9,7,14,5,3,1,11,2,4,17,16,10,6,12,8,15,13]
273898984 [10,1,9,5,3,11,6,7,2,4,8]
274019830 [3,2,4,5,6,1]
274939711 [3,5,6,1,4,2]
275045395 [5,3,1,2,4]
275048076 [29,1,11,25,28,8,13,17,14,5,6,30,12,20,27,4,21,15,10,22,24,16,3,9,23,2,7,18,19,31,26]
275054973 [15,17,19,4,5,2,18,12,20,7,9,13,6,14,8,16,21,1,11,3,10]
275056168 [5,1,4,3,6,2]
275075684 [5,3,6,4,2,1]
275782270 [1,3,8,9,7,6,5,4,2]
275870100 [6,1,3,2,4,5,7]
277716094 [4,7,5,1,9,6,2,3,8]
277717482 [3,4,6,2,5,7,1]
277843893 [5,12,11,13,6,3,8,4,1,9,2,10,7]
278408068 [3,1,6,5,4,2]
278464783 [1,2,5,6,4,3]
278497451 [5,2,4,3,1]
278982550 [7,3,5,1,8,4,2,6,9]
279040193 [1,2,3,5,4]
279046764 [2,1,8,6,4,5,7,3]
279054632 [9,4,3,8,5,2,10,6,7,1]
279159844 [5,1,4,3,2]
279858095 [1,4,9,10,8,11,6,7,14,3,2,12,5,13]
279881370 [6,14,2,3,9,1,12,16,4,11,17,10,8,15,7,5,13]
280022610 [3,4,1,2,5]
280055402 [2,3,5,4,1]
280109656 [4,1,6,7,8,9,10,5,3,2]
280419142 [10,1,5,8,9,4,3,6,2,7]
280706890 [5,8,11,6,7,3,12,10,4,13,9,2,1]
280889447 [5,2,6,1,7,3,4,8]
280955955 [8,5,9,2,1,3,7,6,4]
281391269 [6,10,20,16,26,17,22,11,24,25,21,4,13,2,15,19,3,1,12,7,8,14,18,5,9,23,27]
281533062 [4,5,6,1,3,2]
281662460 [15,4,10,13,11,2,1,5,9,14,3,7,8,6,12,16]
281693128 [6,4,2,3,1,5]
281770119 [3,4,5,2,1]
281786091 [3,4,5,1,2]
282341216 [3,8,11,10,7,9,5,6,1,2,4]
282415281 [2,3,1,4,5]
282436146 [3,4,2,8,5,6,1,7]
282445124 [8,4,11,3,10,9,12,13,1,7,2,5,6]
282492515 [1,8,3,6,4,2,5,7]
282607481 [4,1,2,3,5]
282616035 [12,1,8,3,5,6,7,11,2,9,4,10]
283491035 [2,6,7,10,9,14,11,1,3,13,4,5,12,8]
283541248 [4,17,13,15,12,14,10,7,16,11,19,6,18,5,9,1,3,2,8]
283759606 [21,26,25,7,13,17,3,5,35,36,10,30,18,33,32,23,12,34,16,31,8,20,28,9,2,1,14,6,22,24,19,4,11,29,15,27]
283780580 [2,13,14,10,6,12,5,4,7,9,1,11,3,8]
284024366 [1,6,4,3,5,2]
284275053 [2,3,4,6,5,1]
284451387 [8,16,4,7,5,14,6,9,2,12,13,15,1,11,3,10]
285079064 [12,7,6,18,23,4,15,38,16,20,2,24,22,13,37,28,5,8,11,27,1,21,19,9,30,34,35,25,31,17,14,26,36,10,3,33,32,29]
286188424 [5,2,8,4,7,3,6,1]
286538598 [2,4,5,1,3]
286786388 [5,8,4,1,7,6,2,3,9]
287094012 [3,6,1,5,4,2]
287095850 [5,6,1,2,3,7,4,8]
287160353 [24,19,1,9,20,17,11,15,6,10,16,3,5,13,7,14,23,26,12,2,4,8,18,22,25,21]
287168728 [10,9,7,3,5,11,1,4,8,6,2]
288651973 [4,7,6,2,5,1,9,8,3]
288689147 [1,5,7,2,3,4,6]
290010381 [1,5,3,2,4]
290627503 [2,1,6,3,4,7,5]
290893314 [14,2,17,4,12,16,1,9,10,8,7,13,19,18,3,20,5,15,6,11]
290911638 [2,4,5,3,1]
291127108 [3,19,11,1,20,6,16,18,4,21,14,2,5,15,10,17,9,13,8,12,7]
291135910 [4,6,7,3,2,1,5,8]
291177113 [1,4,7,8,5,6,3,2]
291226673 [6,5,8,3,2,7,4,1]
291565250 [5,2,3,9,1,8,7,4,6]
291607639 [2,3,5,7,6,4,1,8]
292061711 [3,4,7,1,5,6,2]
292398027 [13,9,3,12,14,11,5,6,4,2,8,15,10,7,1,16]
292398032 [4,9,7,1,3,5,2,8,6]
292973813 [1,5,2,3,4]
293108113 [10,27,31,3,35,30,2,11,14,15,47,13,25,34,29,33,9,22,39,49,19,46,28,1,6,42,48,7,17,24,4,8,16,12,32,41,40,23,18,45,36,44,26,5,43,37,20,38,21]
293114097 [2,10,11,1,4,12,5,14,3,7,16,13,9,8,15,6]
293201877 [19,3,23,26,9,8,17,13,24,4,33,21,5,10,25,20,12,36,31,14,29,32,18,1,6,2,38,22,15,30,11,34,28,7,35,37,27,16]
293308487 [3,5,6,1,4,2]
293316886 [6,5,1,3,2,4]
293317442 [7,2,4,8,1,5,6,3]
294197358 [8,3,1,9,7,6,5,4,2]
294964409 [16,1,20,3,5,10,4,13,22,19,21,7,9,12,2,6,11,8,23,15,17,14,18]
295196122 [7,4,6,5,2,1,8,3]
295290645 [5,10,6,9,3,8,1,2,4,11,7]
295567212 [4,6,5,1,3,2]
295892787 [10,3,1,8,2,4,9,7,6,5]
296866335 [6,13,1,5,15,4,9,12,7,3,11,2,14,10,8]
296979033 [4,6,2,1,11,13,12,3,9,5,10,7,8]
297030459 [2,4,1,5,3]
297067492 [3,7,5,4,6,2,1]
297171191 [6,18,21,8,17,13,16,1,15,9,2,4,22,14,11,7,10,3,5,23,20,19,12]
297172140 [7,2,6,8,20,15,14,12,10,19,18,9,17,4,1,13,3,16,11,5]
297303515 [13,4,1,12,14,22,20,18,9,10,2,5,17,7,19,11,16,8,21,6,15,3]
297327568 [5,3,4,1,2]
297478790 [4,3,5,1,2]
297507834 [3,6,15,8,10,12,11,13,9,16,17,4,7,2,5,1,14]
297688558 [5,9,3,6,2,4,7,1,8]
297693550 [18,2,17,1,10,7,13,11,8,12,6,15,3,16,4,14,9,5]
297694715 [13,18,7,9,15,19,11,12,17,2,16,8,6,14,3,5,1,4,10]
297770500 [2,3,4,1,5]
297909281 [5,14,12,11,8,3,1,2,15,13,4,6,10,9,7]
297956504 [1,5,2,3,4]
298411898 [6,7,3,4,2,1,5]
298481923 [2,4,1,5,3,6]
298565336 [6,1,7,4,5,2,3]
298605520 [3,5,1,4,6,7,2]
298983942 [7,3,1,2,6,4,5]
299053597 [14,11,1,9,6,12,10,8,2,13,5,7,3,4]
299075393 [6,3,1,5,4,2]
299295180 [20,17,1,2,15,10,7,21,23,8,19,12,5,24,4,22,13,6,11,9,18,3,14,16]
299578842 [9,25,13,14,20,7,8,12,22,21,23,16,3,6,18,2,19,24,11,5,26,4,1,17,15,10]
299660335 [4,1,3,2,5]
299993104 [4,3,9,5,6,2,7,1,8]
300087399 [4,3,7,1,6,2,5]
300090963 [17,13,4,11,16,15,24,1,3,5,14,9,2,21,18,10,20,23,7,19,12,22,6,8]
300091999 [1,2,7,3,4,5,6]
300093207 [4,3,1,5,2]
300500922 [5,7,6,3,4,1,8,2]
300661896 [8,4,13,9,6,3,5,7,2,1,11,10,12]
300823012 [4,7,5,2,1,8,6,3]
301419502 [13,5,3,12,6,10,9,2,14,8,1,4,7,11]
301529003 [12,11,13,4,7,14,10,9,16,1,2,15,6,3,5,8]
302489448 [2,5,8,3,1,4,7,9,6]
302500038 [4,2,3,1,5]
303486224 [13,10,6,7,1,5,11,17,9,15,18,2,4,8,16,19,20,12,3,14]
304818310 [8,9,5,10,11,1,2,12,4,6,3,7]
304894721 [5,4,3,1,2,6]
304894733 [4,1,5,2,6,3,7,8]
304921727 [6,4,5,9,2,11,8,10,12,3,1,7]
306161813 [4,2,5,1,3]
306837719 [8,9,1,10,5,2,4,6,3,7]
306906001 [7,3,13,12,4,14,8,9,2,10,6,11,1,5]
307026468 [8,4,9,1,13,5,6,3,10,2,14,7,12,11]
307071032 [2,3,6,1,5,4]
307541721 [25,3,29,16,21,4,1,28,8,14,30,26,2,18,6,15,17,23,32,24,31,7,10,19,9,11,13,22,27,5,20,12]
307923879 [7,4,1,3,6,5,8,9,2]
308149513 [21,24,2,4,32,25,7,30,20,16,17,10,22,19,8,34,3,18,29,15,26,27,23,12,14,6,9,5,11,13,1,28,33,31]
308783387 [2,5,4,1,3]
308787286 [7,5,6,2,3,1,4]
308809949 [7,13,8,16,6,2,9,11,10,14,15,12,1,5,4,3]
308912209 [5,1,2,6,7,3,4]
309140362 [6,3,1,4,5,2]
309878701 [15,12,4,5,2,19,20,17,16,18,7,10,1,6,8,13,11,3,9,14]
309890420 [4,3,6,1,5,2]
309892094 [12,4,1,2,11,15,17,8,10,18,5,13,9,16,14,3,7,6]
310436522 [3,11,2,7,6,10,9,1,5,4,8]
310436535 [4,2,6,10,8,1,5,9,3,11,7]
310651422 [5,3,2,4,1]
310900310 [5,6,1,3,2,4]
311412133 [2,5,1,7,3,8,6,4]
311424930 [5,1,6,8,3,7,2,4]
311532393 [1,6,4,2,5,3]
311738869 [3,2,5,1,4]
312084298 [5,13,10,9,8,6,11,2,4,7,12,14,1,3]
312682599 [11,4,10,8,7,9,3,5,2,6,1]
312733131 [2,1,5,8,4,6,7,3]
312770537 [3,5,4,1,6,2,7,8]
312807874 [7,1,8,3,13,9,10,16,12,2,6,5,17,14,15,4,11]
312877530 [5,1,7,8,6,13,10,3,9,11,15,16,14,4,12,2]
313023071 [5,3,2,4,6,1]
313023087 [13,7,5,3,6,9,15,10,11,2,12,4,1,8,14]
313500639 [8,7,4,5,6,1,2,3]
313505572 [21,13,8,1,20,15,11,18,2,5,7,3,10,9,16,19,12,6,4,14,17]
313721923 [1,2,4,3,5]
314141534 [11,3,12,9,4,8,7,6,10,2,13,1,5]
314758264 [19,5,13,16,4,7,1,18,2,15,3,6,14,12,20,8,9,11,10,17]
314758873 [1,6,5,4,7,2,3]
314890195 [16,8,5,22,25,4,6,21,18,20,11,14,12,10,23,7,2,19,1,3,24,13,17,9,15]
315376383 [1,8,7,4,6,3,5,2]
315392990 [5,4,1,2,3,6]
315533874 [3,7,1,2,5,8,6,9,4]
315575379 [3,4,6,2,7,9,5,10,8,1]
315581674 [1,6,9,4,2,7,10,3,11,5,8]
315623849 [4,2,6,5,3,1]
315660870 [6,2,4,1,8,9,7,10,3,5]
316082725 [4,6,3,5,1,7,9,10,8,2]
316116816 [2,8,6,7,5,3,1,4]
316131010 [1,2,3,6,4,5]
316521203 [6,4,3,5,2,1]
316761208 [11,3,10,9,7,5,6,13,12,8,2,1,4]
316857410 [17,14,9,10,11,19,8,12,1,3,6,18,16,5,13,2,7,15,4]
316869385 [9,1,8,5,10,4,11,12,7,6,3,2]
316877440 [2,3,5,4,1]
317128591 [4,5,6,1,3,7,2]
317219687 [8,6,3,7,2,4,9,10,11,5,1]
317237530 [45,22,10,5,30,17,4,1,48,42,8,38,23,34,15,43,29,28,47,27,18,12,49,24,51,35,11,26,20,16,7,44,37,40,46,6,14,21,31,50,13,41,25,36,39,2,32,19,33,9,3]
317498266 [7,6,5,3,2,4,1]
317810177 [4,9,7,3,8,1,5,2,6]
317943661 [6,2,4,3,5,1]
317959558 [4,13,1,11,3,10,12,5,6,9,2,7,8]
317967843 [12,25,29,24,22,8,20,16,18,17,27,10,1,14,9,7,11,26,19,3,23,13,28,15,2,5,4,21,6]
318017541 [3,5,4,2,1]
318047321 [3,1,4,5,2]
318312989 [5,3,4,9,8,2,6,1,7]
318502800 [18,7,11,24,3,8,15,6,19,13,9,20,16,12,10,21,1,17,4,14,2,22,23,5]
318504603 [34,25,3,29,26,33,22,13,18,27,11,19,15,14,20,2,17,12,31,6,23,21,10,1,16,24,30,9,32,28,4,8,5,7]
319280701 [3,2,4,5,7,6,1]
319414251 [5,2,4,3,1,6]
319495304 [4,1,7,5,6,2,3]
319568139 [1,6,5,7,3,2,4]
319645398 [5,2,1,6,4,3,8,7]
320053642 [14,9,10,13,11,16,8,1,3,15,6,4,7,12,2,5]
320069886 [6,5,2,4,1,3]
320077889 [3,21,20,6,14,18,13,19,8,10,7,12,4,9,5,11,16,2,17,15,1]
320255127 [6,1,5,2,7,12,3,8,9,10,14,11,4,13]
320264724 [3,17,5,8,9,4,7,14,11,13,6,1,16,2,10,12,15]
320300640 [5,9,3,13,11,8,1,7,14,16,15,4,2,6,12,17,10]
321193166 [3,4,2,1,5,6]
321246357 [11,3,1,4,2,7,10,8,5,6,12,9,13]
321250644 [1,5,4,3,7,6,2]
321254325 [1,4,5,3,6,2]
321797620 [4,1,2,5,6,3]
322167521 [3,6,5,8,1,2,7,4]
323296396 [34,30,35,33,9,10,20,27,5,3,17,18,15,16,12,32,23,13,11,1,29,24,21,26,36,22,6,14,7,28,19,2,31,8,25,4,37]
324027699 [1,10,5,4,8,2,3,6,7,9,11]
324041341 [3,6,5,7,8,2,1,4]
324630318 [8,5,3,9,1,2,10,7,6,12,11,4]
325256502 [4,5,1,3,2]
325256503 [7,2,3,1,5,4,6]
325297860 [4,2,1,3,7,5,8,6]
325938841 [4,2,5,3,1]
325951388 [1,2,5,6,4,3]
326007051 [5,10,8,4,7,6,3,2,9,1]
326008290 [5,4,6,3,2,1]
326031111 [5,2,3,6,1,4]
326491734 [1,3,4,2,5,6]
327088415 [2,7,4,3,1,6,5]
327881878 [3,2,6,8,1,5,7,4]
328505198 [5,3,1,2,6,4]
329883722 [4,2,3,1,6,5,7]
329988989 [4,1,2,3,6,5]
330008996 [4,2,8,6,1,3,5,7]
330594702 [9,2,3,7,1,4,16,15,10,8,14,12,17,6,5,11,13]
331158957 [4,5,1,6,7,3,2]
331177190 [4,3,2,5,1]
331230554 [10,2,7,9,8,4,1,6,5,3]
331281670 [7,3,9,5,8,1,2,6,4]
331284497 [1,4,2,3,5]
331287027 [2,6,3,4,5,1]
332344838 [2,1,3,4,5]
332907032 [34,18,28,21,22,24,32,19,11,25,9,1,17,20,16,13,14,35,31,3,27,33,30,5,8,29,26,12,15,23,7,6,2,4,10,36]
333146436 [8,1,3,4,5,6,7,2]
333184514 [5,1,2,7,6,12,10,8,13,9,11,4,3]
333474752 [3,4,6,5,1,2]
333481719 [8,7,21,3,15,5,12,13,20,10,17,16,4,18,1,14,11,9,2,6,19]
333677912 [16,8,25,1,6,5,15,10,26,20,13,14,2,17,24,12,23,18,4,3,21,7,11,27,9,19,22]
334287501 [15,5,1,11,12,4,19,6,3,13,21,7,8,14,10,9,18,24,23,20,22,25,16,2,17]
334292249 [8,10,5,4,3,1,2,9,6,7]
334360258 [28,16,38,9,25,15,14,8,37,33,34,20,6,11,26,22,35,1,23,13,30,5,2,18,36,27,21,3,31,12,10,7,29,24,17,19,32,4]
334505173 [2,1,7,3,6,5,10,9,4,8]
334571683 [1,5,3,6,2,7,4]
334610789 [3,1,5,4,2]
334804301 [1,4,2,3,6,5]
335122137 [1,5,3,4,2]
335128187 [1,6,13,14,12,7,5,3,4,9,10,8,2,11]
335199151 [4,1,5,3,2]
335204129 [2,6,4,7,8,1,5,3]
335227212 [7,5,8,11,4,12,1,6,3,2,9,10]
335790480 [33,12,23,19,2,22,26,6,32,8,18,15,29,11,37,17,38,10,13,4,9,36,27,14,34,31,5,21,16,7,24,3,28,30,1,20,35,25]
335870571 [22,12,29,40,20,21,3,26,2,10,13,30,18,39,33,34,32,19,36,15,28,1,37,23,16,5,4,41,38,25,11,17,27,6,24,7,14,9,31,8,35]
335927384 [1,5,3,2,4]
336088813 [12,7,8,1,5,10,3,11,2,13,6,4,9]
336592211 [1,2,3,6,4,5]
336896767 [5,2,4,7,1,8,3,6]
336914863 [4,5,1,2,3]
337143990 [1,2,6,7,4,3,5]
337153147 [6,3,2,14,11,12,7,10,8,4,1,5,9,13]
337478400 [7,1,6,2,5,3,4]
337538976 [11,6,12,4,8,2,7,13,5,14,10,1,9,3]
337660433 [3,2,1,6,7,4,5,8]
337961898 [2,4,3,5,1]
338082395 [12,13,11,14,7,10,16,3,5,4,9,2,18,6,8,1,15,17]
338166279 [9,5,8,15,21,11,16,10,17,4,3,13,7,22,1,19,2,14,20,6,18,12]
338175736 [3,7,4,1,6,2,5]
338444595 [11,10,15,1,16,8,2,3,9,14,5,12,13,6,4,7]
339470502 [9,6,4,8,1,10,3,5,2,7]
340105289 [4,9,10,7,6,2,5,11,12,14,3,1,8,13,15]
340108419 [7,2,8,10,5,12,4,9,14,15,11,13,6,3,1]
340185148 [17,15,26,16,18,5,30,21,11,25,9,27,28,13,10,1,2,29,4,14,7,20,23,19,3,6,24,22,12,8]
340190879 [4,3,2,6,1,5]
340209917 [3,4,2,1,5]
340252452 [1,2,6,8,4,7,5,3]
340400577 [4,2,5,1,3]
340597570 [3,2,4,1,6,5]
341225770 [3,2,4,1,5]
343857385 [8,5,9,3,2,1,4,6,10,7]
344063078 [1,2,6,3,4,5]
344092101 [5,4,8,6,7,2,3,1]
345040620 [2,5,1,6,4,3]
345164985 [2,5,4,3,1,6,8,7]
346012963 [6,4,2,3,8,7,5,1]
346780083 [1,4,2,3,5]
347067680 [4,6,3,15,8,7,12,5,13,14,2,11,10,16,9,1]
347174895 [4,3,5,2,1]
347240123 [15,2,13,4,6,17,14,9,12,8,5,7,10,20,3,11,18,1,16,19]
347649674 [3,2,6,4,1,7,5]
347709321 [7,4,9,6,3,8,2,5,10,1]
348056129 [1,10,2,3,5,4,7,9,8,6]
348828531 [2,3,6,4,5,1]
349075485 [5,3,7,4,6,1,2]
349085757 [1,8,2,13,5,15,11,4,6,9,3,14,10,7,16,12]
349195538 [5,7,4,6,8,1,2,3]
349566753 [6,29,10,12,17,16,24,4,14,25,15,7,23,11,13,18,27,28,22,20,21,30,9,2,1,8,3,26,19,5]
349568337 [3,6,2,5,4,1]
350026463 [2,1,6,3,8,4,7,5]
350079107 [6,5,2,10,3,7,4,8,1,9]
350338062 [16,22,6,10,8,21,3,9,23,20,12,18,4,11,17,13,14,19,7,15,2,1,5,24]
351291983 [2,1,7,4,6,5,3]
351467605 [3,17,5,18,16,8,14,13,7,15,10,9,2,11,6,12,1,4]
351807414 [1,5,6,3,4,2]
351916788 [11,3,10,6,7,5,12,1,9,4,2,8]
351953513 [4,1,5,3,2]
352354058 [19,8,17,1,22,4,13,23,12,11,9,3,10,14,15,2,5,18,20,6,16,21,7]
352765003 [2,1,14,5,11,15,18,7,10,9,13,3,6,16,19,8,4,12,17]
352979018 [2,5,1,4,6,3]
353003897 [2,1,5,3,4]
353065820 [7,14,8,9,6,1,11,5,13,12,15,4,10,3,2]
353120932 [7,4,10,3,6,11,5,1,13,8,2,9,12]
353224491 [3,4,6,5,1,2]
353390229 [2,4,7,3,10,5,9,1,6,8]
353860051 [7,16,5,11,10,9,1,20,13,6,4,17,19,3,2,18,8,21,14,15,12]
353866725 [6,5,1,3,7,4,2]
353904786 [9,8,7,5,2,1,6,3,4]
353906697 [19,14,34,26,6,41,25,11,38,43,48,13,1,15,46,2,7,40,31,29,47,3,23,22,42,30,10,39,16,12,44,36,17,35,18,8,4,21,28,9,32,27,45,20,37,24,5,33]
354783808 [11,17,14,8,5,15,4,6,19,10,13,3,2,1,18,9,12,7,21,16,20]
354798920 [2,1,5,4,3]
354966767 [11,7,12,8,1,6,9,5,13,4,3,14,10,15,2]
354972425 [2,5,6,4,1,3]
355079296 [5,3,6,2,1,4]
355141185 [4,6,2,3,1,5]
355420623 [12,5,13,2,11,6,1,16,3,8,14,10,7,4,15,9]
355430428 [11,12,14,1,2,4,6,13,7,10,9,5,3,8]
355438925 [4,1,2,5,3]
355958353 [4,3,6,8,2,9,5,7,1]
355968675 [1,4,3,2,5]
355983344 [30,49,32,2,24,48,11,44,42,12,50,40,16,38,3,18,17,27,26,31,53,15,57,1,33,8,10,25,39,29,58,41,22,45,52,47,19,37,36,6,28,7,14,34,5,20,54,46,23,4,55,13,56,51,9,35,21,43]
356051883 [3,2,5,7,4,1,6]
356328571 [5,6,2,9,1,4,8,10,3,7]
356348454 [7,6,10,2,8,5,1,3,4,11,9]
356378576 [20,2,4,14,7,12,3,6,17,13,8,1,11,10,15,9,16,18,5,19]
356378712 [6,7,5,4,3,1,2]
356378906 [6,7,1,19,17,18,4,8,11,12,10,9,2,14,16,13,15,5,3]
356485597 [2,1,5,4,3]
356550692 [7,18,10,3,15,8,2,5,6,11,13,9,19,16,17,4,1,14,12]
356784160 [61,13,23,51,2,38,14,19,60,1,48,57,15,3,44,59,43,26,54,37,21,7,25,34,28,39,55,9,53,18,20,56,49,16,29,12,42,40,36,4,35,52,10,24,47,58,8,50,33,22,32,5,17,27,41,45,30,6,11,46,31]
356901967 [5,3,8,7,6,1,2,4]
356916995 [4,5,6,8,1,2,3,7]
356996777 [4,3,5,2,1,6,7]
357209563 [6,1,8,3,4,5,2,7]
357358774 [14,2,17,4,5,20,18,11,21,3,13,1,9,16,10,6,8,15,19,7,12]
357447460 [5,3,2,1,4]
357477942 [5,1,2,4,3]
357478255 [8,6,2,1,9,7,4,5,11,10,3]
357529200 [10,5,1,4,7,3,9,8,6,2]
357566151 [4,6,3,1,2,5]
357576888 [11,10,2,5,3,8,7,12,9,6,4,13,1,14]
357722360 [2,3,6,5,4,1]
357872103 [3,6,16,15,7,14,1,8,10,12,4,2,13,11,9,17,5]
357949487 [4,6,3,5,7,2,1]
358846978 [23,7,22,15,17,26,2,24,5,18,25,1,9,19,11,4,12,28,16,20,27,14,8,3,6,10,21,13]
359075268 [6,5,4,2,1,3]
359358389 [5,4,16,2,11,9,6,1,15,13,12,3,7,10,18,14,8,17]
359888304 [3,8,6,2,7,5,1,4]
359906698 [5,2,1,4,3]
360197270 [5,1,3,2,4]
360565416 [11,14,16,5,9,3,6,2,10,1,13,4,12,8,7,15]
360578176 [1,8,3,2,6,7,10,5,4,9]
360582468 [2,6,7,9,4,1,3,8,5]
360867326 [5,1,6,7,2,9,3,10,4,8]
361178004 [3,6,5,10,1,12,11,2,9,4,8,7]
361198083 [4,5,1,6,3,2]
361209122 [7,3,2,1,4,6,8,5]
361269175 [2,3,1,5,4]
361284403 [1,5,3,4,2]
361675792 [3,5,6,1,2,4]
361849129 [2,1,5,8,4,7,3,6,9]
361875530 [10,6,1,7,8,4,5,3,9,2]
362584213 [5,10,17,3,11,6,2,14,18,8,12,9,1,16,13,4,15,7]
362744720 [4,1,3,5,2]
362944704 [4,5,1,3,2]
362968826 [7,13,12,8,3,1,16,4,10,5,17,14,6,2,11,18,15,9,19]
363000107 [11,10,1,8,5,3,7,2,4,9,6]
363994167 [3,2,1,5,4,6,8,7]
364672132 [3,19,13,11,4,1,16,15,10,18,6,9,5,12,2,22,24,14,23,7,20,21,8,17]
364803547 [13,21,2,4,19,9,6,5,20,8,16,11,12,18,17,14,1,15,7,3,10]
365181756 [2,1,3,5,4]
365241854 [1,8,2,6,22,11,21,16,15,4,19,14,12,13,17,24,23,3,10,20,25,18,5,7,9]
365799181 [2,3,1,6,9,4,8,5,7]
365886256 [9,2,6,8,3,7,5,1,4,11,12,13,10]
366518277 [6,1,7,2,9,5,10,4,8,3]
366594213 [6,2,3,1,4,5]
366596984 [8,1,11,6,4,7,9,10,3,5,2]
366616926 [4,5,1,2,3]
366724202 [6,1,7,4,3,5,2]
367216742 [10,8,3,6,9,4,1,2,11,5,7]
367401018 [12,11,5,13,4,9,1,7,8,10,2,3,6]
367880591 [2,5,3,4,1]
367905761 [15,3,4,16,14,8,9,6,1,11,17,10,5,18,7,13,12,2]
367979854 [2,1,4,6,8,10,11,7,3,9,5]
368378516 [6,4,3,5,1,2]
368441203 [5,2,3,6,4,1]
368540527 [3,2,4,5,1]
369339073 [6,1,4,3,5,2]
369356676 [13,14,1,11,12,3,8,15,16,5,10,4,6,9,7,2]
369765385 [4,5,1,3,2]
369787113 [8,11,3,9,1,7,4,5,6,10,2,12]
369788575 [5,4,7,3,2,8,1,6]
369824650 [4,6,2,3,1,7,5]
369929858 [2,3,11,8,9,5,1,6,4,10,7]
370298511 [10,2,5,7,9,12,11,6,13,4,3,1,8]
371070498 [2,3,4,5,1]
371102865 [3,1,2,4,5,7,6]
371103840 [12,9,18,5,11,21,22,24,8,15,16,25,2,19,10,20,4,1,17,7,6,23,13,3,14]
371240968 [3,5,4,2,1,6]
371741470 [22,15,12,6,1,13,7,27,16,26,2,10,19,3,4,5,8,21,23,20,18,14,17,11,24,9,25]
371748851 [9,6,11,4,2,8,1,3,5,7,12,10]
371814041 [15,1,26,17,5,27,14,21,10,2,12,4,18,19,6,29,16,20,9,28,13,7,25,11,24,3,23,8,22]
371875862 [2,1,5,3,4,6]
372598906 [5,6,7,1,3,2,4]
372613911 [9,2,12,5,11,8,15,10,3,1,7,16,13,4,14,6]
372684788 [4,6,5,2,3,7,1]
372820867 [8,1,6,7,5,10,2,3,9,4]
373512998 [4,6,8,9,2,5,7,3,10,1]
373853039 [5,1,4,3,2]
373857471 [16,13,3,22,19,12,10,15,4,11,21,18,14,2,17,5,1,20,8,9,6,7]
373928660 [7,10,1,13,6,2,3,8,9,4,5,11,12]
373928676 [3,2,8,4,7,6,5,10,9,1]
374376970 [9,10,12,13,3,2,8,7,14,5,6,11,4,1]
374414326 [2,6,3,4,5,1]
374437439 [3,10,5,7,11,13,1,14,8,16,9,4,6,2,15,12]
374614847 [6,4,5,2,3,1]
375048127 [2,1,5,4,3]
375120563 [1,4,7,10,9,3,6,5,8,2]
375190585 [1,5,7,11,3,2,10,12,9,4,6,8]
375199199 [6,4,8,7,5,10,9,3,1,2]
375641284 [2,1,13,9,6,7,11,4,8,10,5,12,3]
375785255 [3,4,5,1,6,2]
375788111 [7,8,9,1,2,11,12,4,3,10,14,6,13,5,15]
375814928 [11,14,8,2,9,6,4,12,3,10,1,5,13,7]
376024785 [12,4,14,11,1,5,8,10,16,3,7,2,6,13,9,15]
376036724 [13,5,11,6,1,7,2,8,9,12,4,10,3]
376305129 [6,11,7,1,2,3,4,8,5,12,10,9]
376336131 [10,31,20,16,12,7,23,14,2,28,9,6,30,29,8,22,15,24,25,3,17,21,18,26,5,27,19,11,1,4,13]
376464705 [4,15,14,5,12,13,10,6,3,2,7,9,11,8,1]
376478765 [4,3,1,2,5]
377212109 [5,4,2,1,3]
377227473 [7,4,1,2,5,3,8,6]
377228594 [14,5,8,9,1,4,13,15,2,3,6,12,10,7,11]
377249063 [3,5,6,2,4,1]
377314579 [2,14,10,11,3,12,1,9,4,8,15,6,5,7,13]
377333450 [1,3,5,4,2,8,7,6]
377830191 [5,4,1,3,6,7,2]
377972892 [1,2,3,4,5]
378840208 [6,11,7,12,3,8,1,14,5,13,10,9,2,4]
379024839 [5,2,3,4,1]
379034535 [5,12,8,10,1,9,7,3,14,6,13,11,4,2]
379099009 [2,9,8,7,10,1,5,6,3,4]
379139833 [3,1,2,4,5,6]
379585621 [7,8,3,1,2,6,4,5,9]
379668560 [5,18,17,24,10,15,30,32,26,9,23,2,12,1,31,7,3,13,16,11,22,25,19,6,20,4,8,33,21,29,28,27,14]
380064586 [13,12,15,4,9,3,2,18,17,5,1,16,14,11,7,6,19,10,20,8]
381586411 [2,6,19,5,9,10,8,16,14,17,1,18,15,11,12,13,20,7,3,4]
382520107 [1,6,3,5,2,4]
382563158 [41,35,11,21,4,14,23,5,28,47,20,43,46,3,15,18,25,36,24,30,57,27,37,51,22,7,17,58,53,55,1,32,42,38,12,29,8,33,13,2,31,52,44,19,48,50,39,54,26,49,56,40,45,16,34,10,9,59,6]
383244600 [6,3,2,1,4,5]
383322785 [5,8,4,7,2,9,6,3,1]
383485407 [15,5,13,2,12,9,4,6,3,10,1,16,8,14,7,11]
384914069 [10,8,7,5,11,6,3,1,4,14,12,2,13,9]
384970028 [6,3,7,4,5,8,9,1,2,10]
385680213 [5,6,4,3,2,1]
385759827 [4,7,6,13,1,9,10,14,8,12,3,5,11,2]
386038070 [6,18,17,3,16,9,15,7,20,12,22,1,8,5,4,13,11,21,19,23,14,2,10]
386076280 [7,4,3,6,2,5,8,9,1]
386814714 [5,2,4,6,7,3,1]
387109797 [6,7,4,2,1,3,8,5,9]
387113055 [1,3,5,2,4]
388766507 [4,5,1,2,6,3]
388769630 [2,5,4,1,3]
388881953 [10,12,1,11,4,8,5,7,2,9,3,6]
389034433 [1,6,2,4,3,8,9,7,5]
389095574 [6,4,3,5,1,2]
389708200 [4,2,1,6,5,3,7]
390745091 [4,11,5,12,2,17,10,16,7,13,8,15,6,9,1,3,14]
391810002 [14,5,11,8,6,3,2,7,18,19,9,16,17,13,12,1,10,15,4]
391961409 [10,21,24,7,19,4,14,15,12,23,16,8,6,5,11,17,20,13,1,3,9,18,22,2]
391972141 [6,9,7,4,2,1,5,3,8]
392305985 [15,16,20,12,10,3,13,22,18,8,5,17,2,4,6,19,1,9,7,11,14,23,21]
392649595 [17,6,21,28,25,2,23,32,14,5,13,22,12,1,7,20,26,29,30,27,33,35,34,3,10,9,15,36,18,31,4,8,37,24,16,19,11]
392690021 [6,9,2,4,3,7,1,5,8]
392735731 [4,3,2,5,1]
392789012 [1,5,3,7,2,4,6,8]
392837250 [3,2,6,4,5,1]
393015538 [3,2,6,5,8,4,1,9,7]
393018431 [3,2,4,10,9,6,1,7,5,8,11]
393036437 [7,11,4,6,5,1,10,8,3,9,2]
393341530 [8,13,14,7,2,9,4,5,3,15,11,6,16,1,10,12]
393601938 [4,12,1,5,8,11,9,10,2,6,7,3]
393604516 [5,14,28,8,3,17,20,30,23,4,16,25,2,29,11,12,9,13,26,15,18,1,21,7,19,6,22,27,24,10]
393738980 [8,3,12,11,9,10,1,7,2,6,5,4]
393938534 [5,4,2,6,7,1,3]
394072962 [5,4,2,1,3]
394126184 [3,2,4,5,6,1]
394163593 [3,22,4,8,6,10,16,19,2,21,9,17,13,5,11,18,1,14,7,20,12,15]
394274381 [2,3,1,5,4]
394677163 [1,9,2,6,5,3,7,4,8]
394979437 [5,1,11,6,7,3,10,2,8,4,9]
395019871 [2,24,23,5,3,21,1,15,19,10,25,27,16,11,22,7,17,26,8,12,6,20,4,13,18,14,9]
395021079 [6,4,1,7,2,5,3]
395615526 [1,5,4,2,3]
395668721 [5,2,7,6,4,1,3]
395715560 [5,1,4,6,2,7,3]
395742515 [11,6,10,2,8,4,3,5,1,15,7,12,9,14,13]
395754982 [18,19,6,9,14,21,16,5,20,3,1,8,4,15,10,11,13,2,17,7,22,12]
395931183 [11,5,3,16,13,2,1,15,10,4,17,9,18,6,7,14,8,12]
396171580 [2,1,4,5,3]
396227211 [2,3,5,1,4]
396474405 [1,6,7,3,8,2,5,4]
396655882 [36,55,24,22,29,33,6,27,4,21,63,7,39,38,53,5,34,41,60,20,54,15,40,14,37,35,9,30,32,17,43,1,8,42,3,10,23,25,62,47,31,58,46,19,52,57,61,26,16,2,13,48,12,28,49,50,56,44,45,11,51,59,18]
396709757 [5,2,4,6,1,3]
396822348 [7,1,3,6,8,5,4,2]
396827363 [6,7,11,13,14,9,4,8,1,3,2,15,12,16,10,5]
396853618 [3,5,6,2,1,4]
396976187 [5,3,4,2,1]
397031011 [1,3,2,5,4]
397069066 [11,7,3,5,10,4,6,2,1,9,8]
397094170 [1,3,7,6,2,4,5]
397216926 [47,41,5,15,3,1,14,6,43,39,34,49,26,21,40,46,8,48,23,17,30,18,45,31,27,24,7,28,37,32,2,4,38,36,9,35,11,33,29,20,22,25,13,10,42,44,12,16,19]
397777691 [13,6,9,12,16,17,10,3,14,5,1,15,4,8,2,7,11]
397824435 [2,1,5,4,3]
397923724 [13,14,11,16,20,19,4,1,15,12,3,9,17,8,18,10,6,7,2,5]
397967964 [4,3,5,2,1,6]
398272535 [35,21,23,20,28,10,2,15,3,13,6,17,1,24,30,8,7,19,25,27,9,29,4,33,32,31,16,22,34,12,18,14,5,26,11]
398280429 [3,5,4,1,2]
398333300 [2,4,1,5,6,3]
398341868 [1,5,4,7,2,3,6]
399002938 [9,11,5,15,12,6,10,8,4,14,7,2,13,3,1]
399013930 [12,15,6,10,5,19,7,3,11,9,1,20,8,4,2,18,16,13,17,14]
399188530 [1,3,6,5,2,4,7]
399207234 [1,11,8,5,7,3,10,6,4,2,9]
399498215 [4,1,2,5,3]
399516367 [5,1,4,3,2]
399765096 [1,4,3,5,2,7,6]
399768411 [15,17,6,11,7,3,12,5,1,9,2,4,13,14,18,8,10,16]
399865496 [7,3,4,2,6,5,1]
399877677 [3,8,9,6,4,5,2,7,1]
399884881 [6,2,1,5,3,4]
400952140 [5,21,3,11,6,15,2,17,20,14,4,10,18,13,7,19,8,22,12,1,9,16]
401009838 [6,1,7,3,4,9,2,5,10,8]
401753023 [31,22,35,1,34,32,6,16,29,24,27,3,14,20,10,33,5,23,17,7,11,15,26,25,36,4,13,21,2,19,8,37,12,28,18,9,30]
401762258 [4,1,6,3,2,5]
402863590 [6,5,7,4,3,2,1]
405151712 [8,9,1,4,5,3,6,7,2]
405151720 [3,7,5,4,9,1,6,12,14,18,8,13,2,10,16,15,17,11]
405189109 [6,1,2,5,3,4]
405395140 [4,2,6,5,1,7,3]
405461707 [3,1,4,2,5,6]
405575654 [5,6,3,1,4,2]
405721534 [2,6,1,5,7,3,4]
405732089 [2,6,4,5,3,1]
405748987 [1,3,5,6,4,2]
405751617 [4,6,11,1,2,9,13,3,10,7,5,12,8]
406682226 [7,10,5,3,1,4,11,6,8,9,12,2]
406703819 [4,5,1,2,3]
407410303 [3,2,12,6,1,4,8,5,10,7,9,11]
407707249 [1,2,6,11,9,8,4,7,3,5,10]
408050408 [14,7,9,13,15,5,8,1,10,6,16,3,4,11,2,12]
408512667 [1,12,7,11,5,2,6,9,4,3,10,8]
409005063 [5,1,2,4,3]
409111291 [4,8,9,7,3,1,2,6,5,14,12,11,10,13]
409410868 [5,2,4,1,3]
409514318 [11,10,7,2,4,5,13,3,6,8,12,14,1,9]
409737894 [6,5,8,2,3,7,4,1]
409816615 [9,6,4,5,12,8,10,3,11,1,2,7]
410597633 [6,5,4,2,1,3]
411092177 [6,7,10,9,2,4,3,1,8,5]
411317401 [4,2,9,10,3,8,5,7,6,1,11]
411461307 [4,7,6,1,9,2,3,8,5]
411633203 [4,2,3,5,6,1]
411640738 [4,12,18,10,8,9,3,23,11,14,20,7,13,2,19,22,5,6,15,16,17,1,21]
411717097 [9,6,10,8,5,7,3,2,1,4]
411889619 [4,10,7,13,5,1,3,12,9,6,8,11,2]
411894992 [3,6,5,4,2,1]
412327420 [1,7,8,6,3,9,5,2,4,10,11]
412502163 [5,6,2,1,4,3]
413007396 [9,11,7,6,4,14,12,5,1,8,3,13,2,10]
413023810 [3,5,4,1,2]
413117137 [2,1,5,4,6,3]
413538251 [6,7,4,2,3,5,1]
413684657 [3,10,8,13,11,4,9,1,16,18,5,14,15,2,17,12,7,6]
413700303 [1,5,9,4,2,7,3,8,12,10,11,13,6]
413905983 [1,3,4,7,5,6,2]
414237774 [4,2,7,6,3,9,12,10,11,5,8,1]
414245151 [2,1,5,4,3]
414379475 [4,5,3,2,6,1]
414490444 [5,2,4,3,1]
414492637 [3,4,6,2,1,5]
414496467 [1,3,9,10,11,4,7,2,5,6,8]
414538347 [24,26,7,8,9,15,20,14,4,16,2,27,5,6,17,3,18,12,13,10,21,22,1,11,23,25,19]
414563768 [4,8,9,2,3,5,1,7,6]
414587463 [3,2,1,5,4]
414728778 [1,4,3,5,2]
415363921 [2,5,1,4,3]
415541260 [14,8,29,9,19,4,20,25,1,10,6,24,27,7,23,21,28,13,3,5,15,11,16,26,18,17,2,12,22]
415574485 [3,5,2,4,1,6]
415646945 [2,5,4,6,1,3]
415824017 [4,2,3,6,7,8,1,5]
415825010 [10,7,12,9,1,8,2,6,4,3,11,5,13]
416019301 [15,3,19,8,18,16,17,5,13,2,10,9,11,7,6,14,4,1,12]
416068817 [7,5,1,8,3,4,2,6]
416620345 [3,1,4,5,2]
416652935 [2,9,19,8,1,13,17,18,6,15,16,11,12,4,20,7,5,10,14,3]
416709321 [2,3,10,5,8,6,11,1,7,12,4,13,9]
416746380 [2,7,1,4,6,3,5]
416976631 [5,4,2,1,3]
417084170 [4,5,12,10,9,8,7,3,13,2,6,1,11]
417092385 [2,8,3,7,6,9,10,5,4,1,11]
417183513 [1,5,2,4,3]
417505985 [7,4,2,6,3,5,1]
417505989 [5,10,1,11,12,17,16,4,3,2,9,7,13,18,14,8,15,6]
417526703 [2,4,3,6,1,5]
418101619 [4,1,3,2,5]
418176680 [2,6,4,5,1,8,7,9,3]
418853302 [16,10,13,4,17,1,20,9,14,3,24,19,25,7,23,6,21,12,5,15,11,18,22,8,2]
418984791 [14,13,3,2,9,6,12,7,8,4,5,16,10,15,1,11]
419414664 [27,14,22,1,4,6,3,23,9,10,2,12,7,8,26,17,20,24,15,13,5,21,19,18,25,11,16]
419474002 [2,5,7,3,1,6,4]
420200385 [8,6,2,7,5,4,3,1]
420856058 [1,2,3,4,5,6,7]
421420563 [2,1,3,5,4]
421465333 [2,4,1,3,5]
421980176 [1,2,5,4,3]
422042082 [21,19,22,3,5,6,15,14,13,24,2,1,18,10,17,16,9,20,12,8,7,11,23,4]
422045031 [3,8,2,6,1,4,5,7]
422062799 [17,4,10,11,13,2,6,15,12,5,7,1,3,9,14,16,8]
422429139 [3,4,7,2,6,1,5]
423222132 [1,8,6,10,2,9,4,5,7,3]
423258252 [3,4,1,6,5,2]
423770416 [4,1,5,7,3,6,2]
424216925 [4,7,5,8,2,3,1,6]
424302079 [2,4,1,3,5,6]
424422505 [2,6,3,4,5,9,8,1,7]
424920259 [4,1,6,5,3,2]
425088561 [2,1,3,5,6,4]
425531854 [17,18,9,27,53,10,29,6,51,34,24,40,50,7,33,32,13,43,26,45,20,8,49,1,21,39,36,44,52,23,22,11,16,46,14,48,25,28,47,37,12,41,38,5,31,4,19,35,2,15,3,42,30]
425978100 [8,5,1,3,7,6,4,2]
426212996 [3,10,7,1,13,12,9,5,6,8,11,2,4]
426367650 [3,5,2,4,1]
426404293 [1,7,9,4,6,8,3,5,2]
427471984 [17,21,9,2,11,18,6,24,3,5,19,26,1,4,20,7,29,23,14,27,22,16,12,8,13,10,28,25,15]
428437151 [4,3,9,6,1,7,5,2,8]
428511450 [11,8,1,14,16,3,10,2,13,4,12,5,9,15,7,6]
429124648 [4,1,3,5,2]
429149700 [3,2,1,4,5,6]
429205509 [4,2,14,5,6,10,7,3,1,9,13,8,11,12]
429885332 [1,5,3,4,2]
430092864 [1,6,5,3,8,2,4,7]
430400212 [1,2,11,15,9,17,5,3,4,16,13,8,14,12,10,6,7]
430462829 [8,11,6,10,3,9,7,2,4,1,5]
430486907 [5,3,4,1,2]
431066477 [7,11,6,2,9,8,5,4,1,10,3]
431079622 [7,6,1,2,3,8,4,5]
431113006 [46,33,4,10,9,17,48,29,59,14,41,62,5,31,1,20,55,56,42,45,25,37,43,19,51,47,13,3,35,23,18,26,58,16,7,60,40,53,30,49,52,34,15,21,28,38,6,54,2,11,61,12,57,32,24,22,44,39,36,50,27,8]
431629073 [2,4,6,1,7,5,3]
431706086 [1,5,4,2,3]
431800421 [5,1,2,3,6,4]
432088810 [4,1,6,3,2,5]
432425082 [10,6,15,14,5,12,7,2,9,8,3,4,13,11,1]
432487569 [1,4,5,2,3]
433010423 [7,5,4,3,1,6,2]
433086302 [4,11,3,9,24,10,21,31,20,1,27,8,2,12,17,16,26,14,6,28,5,23,19,29,15,25,18,30,13,7,22]
433760549 [6,11,10,4,5,2,1,7,9,8,3]
433761475 [2,4,5,3,1,6]
433766595 [5,2,6,4,1,3]
433776506 [2,5,7,8,6,1,4,3]
433824394 [8,1,7,2,9,3,6,4,5]
433825391 [5,2,16,8,22,10,3,21,15,7,18,1,12,11,20,13,6,17,9,19,14,4]
433963436 [4,3,12,26,6,21,28,1,13,30,31,25,23,16,10,9,18,5,2,17,22,7,24,20,11,29,8,19,15,14,27]
433969758 [1,2,7,11,6,5,4,10,9,3,8]
434121177 [4,3,7,9,8,5,6,1,2]
434220233 [5,2,13,1,9,11,14,18,21,10,17,3,7,4,6,20,16,19,12,15,8]
434278679 [8,5,3,6,9,4,1,7,2]
434510636 [11,3,6,5,1,4,8,9,10,2,7]
434588031 [8,5,4,3,2,7,6,1]
434679156 [5,1,7,3,4,9,6,2,8]
434680289 [4,5,2,3,6,7,1]
434684071 [7,8,6,4,10,2,5,3,1,9]
434686460 [4,6,2,5,3,1]
434697915 [7,26,13,25,2,16,19,21,3,15,28,12,9,1,18,4,27,17,10,8,24,23,5,14,22,20,11,6]
435135823 [2,4,3,5,6,1]
435143474 [11,6,15,1,3,4,13,14,9,10,7,16,5,12,2,17,8]
435276853 [4,2,5,3,1,6]
435406069 [5,7,9,8,4,2,6,3,1,10]
436104059 [2,4,3,1,6,5]
437247732 [4,5,6,7,2,3,1]
437254810 [3,1,7,6,11,12,5,4,9,2,10,8]
437837135 [10,15,4,7,6,9,8,11,2,16,13,5,12,1,3,14,17]
437884552 [5,2,3,4,1]
437941968 [6,9,10,2,8,7,3,5,4,1]
438096210 [3,1,4,2,5]
438114522 [2,5,6,3,4,1]
438127978 [2,5,3,4,1,6]
438177740 [3,4,6,5,2,1]
438251643 [2,4,3,5,1]
438873074 [9,4,10,1,3,7,8,11,12,5,2,6]
439842183 [3,9,6,7,4,8,2,5,1]
440050335 [2,6,11,1,8,5,9,4,10,7,3]
440169683 [4,5,3,1,2]
440192420 [23,10,21,5,9,8,14,17,11,2,20,12,13,7,16,18,4,3,24,6,15,1,22,19]
440389659 [25,10,6,14,7,17,5,4,24,13,2,12,16,18,1,3,9,11,21,26,20,15,8,22,19,23]
440491308 [5,2,1,3,4]
441409346 [8,11,12,13,6,4,5,10,2,7,3,9,1]
441781090 [8,9,2,17,12,16,29,27,5,19,28,20,15,3,21,26,11,4,14,23,22,7,13,6,1,24,18,10,25]
441782452 [6,20,24,14,13,12,11,9,7,29,10,15,16,18,23,19,17,21,27,25,4,30,8,28,1,26,3,22,2,5]
441785162 [3,1,13,15,10,20,21,6,12,23,16,22,4,18,5,8,19,14,9,11,17,24,2,7]
443370605 [1,7,3,8,2,5,4,6]
443404547 [5,6,2,1,4,3]
443454606 [3,9,12,6,2,11,5,4,8,7,1,10]
443849296 [4,5,1,3,6,2,7]
444279368 [3,11,9,12,4,6,13,8,14,10,7,5,2,1]
444400486 [1,4,8,2,3,6,5,7]
444606470 [2,3,5,4,1]
444797877 [4,5,7,1,2,3,6]
445042895 [3,1,5,2,6,4]
445181464 [4,13,9,5,3,6,1,8,12,2,10,7,11]
445192101 [16,30,33,5,15,35,14,3,20,36,4,23,29,6,18,28,21,24,31,1,8,11,2,19,34,10,25,9,32,26,27,7,17,13,12,22]
445270877 [8,1,3,5,6,4,7,2]
445387839 [26,25,20,23,11,14,16,8,27,15,5,10,7,17,1,21,13,24,2,9,28,18,3,6,12,22,19,4]
446284580 [14,3,9,21,20,6,1,7,8,4,13,17,5,2,18,10,19,16,12,15,11]
446769057 [2,5,7,4,9,1,6,3,8]
446928073 [6,1,3,2,5,7,4]
446951540 [7,4,6,2,8,1,11,3,12,5,10,13,9]
447489555 [2,4,5,7,6,3,1]
447508567 [4,2,5,1,3]
448324846 [7,5,4,8,6,2,1,9,3]
448405502 [1,2,4,13,10,5,8,11,9,6,7,12,3]
449311089 [6,4,2,3,5,1,7]
449449062 [6,7,5,12,10,1,8,2,11,9,4,3,13]
449474372 [31,14,4,32,23,2,15,16,30,9,24,10,11,29,28,35,37,18,25,6,20,8,33,5,19,34,12,26,13,21,7,1,36,27,3,17,22]
450264688 [1,4,5,7,2,6,3]
450449109 [8,6,7,4,2,1,3,5]
450603750 [3,2,5,4,1]
450716869 [7,6,4,9,2,3,1,8,5]
451045811 [27,23,8,5,20,32,1,6,18,24,30,11,17,7,2,10,14,31,16,13,9,4,22,3,12,25,28,26,15,21,29,19]
451428023 [9,3,2,10,7,1,5,8,4,6]
451442561 [15,6,14,3,10,12,7,11,4,13,1,16,5,2,17,9,8]
451863674 [2,1,5,3,6,4]
451891584 [4,5,2,3,1]
452662493 [5,3,4,1,2]
453215587 [3,6,4,5,2,1]
453248568 [12,8,20,7,5,21,6,10,16,14,3,19,17,15,18,11,9,1,2,13,4]
453589857 [4,2,3,5,1]
454182315 [39,11,3,2,8,44,1,16,38,24,17,7,13,29,18,19,33,32,23,12,31,41,5,20,42,46,22,27,4,15,35,25,40,34,43,30,9,28,37,26,45,6,36,14,21,10]
454222167 [9,4,3,6,8,7,1,5,2]
454310748 [17,11,13,2,10,3,9,8,1,4,14,6,15,5,16,18,7,12]
454323393 [8,1,3,5,2,6,7,4]
454350542 [5,4,3,2,1]
454353482 [2,14,3,4,6,5,8,1,10,13,9,12,11,7]
454355155 [9,12,5,7,4,13,8,3,10,11,1,6,2,14]
454679297 [8,1,7,2,3,5,4,6]
454790700 [5,4,3,2,1,6]
454828475 [5,1,4,3,2]
455016009 [11,1,5,4,17,12,7,13,2,6,15,9,19,14,10,16,8,18,3]
455056316 [18,1,13,17,16,10,15,4,6,3,12,14,9,2,5,8,7,11]
455585031 [22,16,17,13,18,20,1,15,19,3,12,6,11,5,2,21,7,8,10,4,14,9]
455665154 [5,10,4,11,7,2,9,1,3,6,8]
455665157 [5,3,1,2,4]
456290430 [4,3,6,2,7,5,1]
456339369 [4,8,13,9,12,6,7,5,10,15,11,3,14,2,1]
456594257 [15,16,7,17,10,1,2,3,8,14,4,11,5,9,18,6,13,12]
456599322 [8,3,18,16,6,7,21,24,5,10,11,20,22,12,14,9,17,19,2,15,13,23,4,1]
456640138 [2,1,6,3,5,4]
456679062 [4,1,3,2,5]
456682342 [28,8,2,24,3,21,11,22,16,23,14,6,10,9,25,13,12,17,7,19,15,4,20,5,1,26,27,18,29]
456684450 [2,1,5,3,4]
456694239 [4,9,8,2,1,7,6,3,5]
456760344 [16,14,7,5,4,11,3,12,1,10,2,8,13,9,15,6]
456764784 [1,6,2,3,7,4,5]
457112589 [10,13,6,18,2,20,22,7,5,8,17,11,1,15,19,14,9,23,12,3,21,4,16]
457631850 [11,6,17,16,5,8,15,10,2,14,4,3,1,9,18,7,12,13]
457647849 [3,5,1,4,2]
457655675 [1,5,2,4,3]
458410993 [1,13,8,5,4,12,2,6,9,14,11,3,10,7]
458438447 [9,4,3,7,1,6,5,2,10,8]
459506465 [12,5,11,14,8,4,7,1,13,2,9,10,6,3]
459531887 [8,10,4,11,2,6,9,1,3,7,5]
460096472 [10,4,1,8,2,5,6,3,9,7]
460868262 [7,5,14,2,13,6,3,4,8,10,11,1,9,12]
460973839 [5,15,6,17,11,14,13,16,3,7,9,4,12,1,18,10,2,8]
461030660 [6,1,3,4,2,5,7]
461257623 [2,4,1,5,3]
461362531 [3,7,10,9,1,5,2,6,4,11,8]
461366468 [6,8,9,5,2,7,10,4,11,3,1]
461848537 [6,5,1,4,2,8,7,3]
462843470 [2,3,5,4,1]
462843491 [6,8,7,5,9,4,1,3,2]
462935587 [3,2,7,5,1,6,4]
462977246 [6,8,11,3,4,7,5,2,1,10,9,13,12]
463063009 [3,6,2,5,7,4,1]
463077396 [1,2,8,6,4,7,3,5]
463077653 [7,8,5,10,6,9,2,11,1,3,12,4]
463630594 [2,6,5,4,1,7,12,8,10,9,3,11,13]
464276502 [4,3,6,2,1,5,7]
464886585 [6,5,2,4,1,3]
464906662 [1,5,6,7,3,4,2,8]
466319850 [1,7,6,4,3,2,5]
466424064 [3,4,2,1,5]
466856596 [5,7,4,3,1,10,12,11,2,14,13,8,9,6]
466995786 [4,3,7,1,2,6,5]
467006849 [8,4,9,1,7,5,3,2,6,10,11]
467158965 [3,1,5,2,4,6]
467176295 [6,1,4,8,10,7,5,11,3,9,2,12]
467205193 [7,4,2,6,3,5,1]
467208291 [3,6,2,1,4,5]
467211228 [6,1,2,7,5,4,3]
467217540 [5,2,4,3,6,1]
467784299 [6,3,2,1,5,4]
467793881 [4,11,8,12,2,10,9,5,14,7,1,3,15,13,6]
468402998 [6,11,3,13,14,10,7,9,2,8,1,12,4,5]
468413076 [6,3,1,5,2,4]
468440910 [5,2,3,4,1]
468504933 [4,3,1,5,2]
468780809 [7,14,10,9,13,8,2,11,12,3,1,6,4,5]
469224943 [3,4,2,1,5]
469237717 [9,7,2,8,11,4,10,5,3,6,1]
469241607 [8,1,2,5,4,3,6,7]
469257713 [7,6,1,2,5,3,4]
469718137 [3,2,4,1,5]
469718140 [5,7,2,4,3,1,6]
470123967 [27,35,5,8,1,32,29,28,26,11,30,34,36,6,37,9,24,10,3,20,31,14,21,15,23,19,7,38,2,12,39,18,16,4,40,33,25,17,13,22,41]
470240588 [19,3,15,17,33,34,24,11,9,12,5,16,32,26,21,29,4,18,27,6,31,23,8,7,20,35,28,30,2,22,25,10,14,13,1]
470283481 [6,4,2,3,5,1]
470296709 [1,2,5,4,3]
470393258 [6,10,16,14,19,9,12,11,7,2,8,15,1,4,20,5,18,3,17,13]
470619954 [4,2,6,1,5,3]
470935877 [1,5,2,4,3]
470959381 [4,5,2,3,1,7,6]
470991756 [3,6,5,4,2,9,10,1,8,7]
471122138 [4,7,5,1,6,3,2]
471156605 [34,17,4,31,24,18,14,43,48,23,39,36,26,8,44,10,11,28,41,42,16,22,47,29,6,7,5,40,25,30,2,32,35,33,38,49,12,27,3,19,13,50,46,20,37,15,1,21,9,45]
471946099 [9,10,13,5,7,8,3,2,1,4,6,11,12]
472286995 [5,6,1,2,4,7,3]
472329097 [7,5,10,13,8,14,3,9,2,6,1,12,4,11]
472646236 [11,3,9,5,7,6,4,10,1,12,8,2]
472970457 [6,3,9,5,8,2,10,7,1,4]
473088488 [9,12,8,1,3,10,4,11,6,7,5,2]
473120915 [10,8,14,5,3,11,4,13,1,2,12,6,9,7]
473157400 [2,4,3,6,5,1]
473187809 [1,2,6,4,5,3]
473299804 [3,8,4,7,11,9,1,6,5,2,10]
473317568 [23,12,1,16,5,11,3,10,4,13,7,9,2,21,15,8,22,19,17,20,6,18,24,25,26,14]
473327129 [3,1,2,5,4,6,8,7]
473333010 [5,3,6,1,7,4,2]
473341713 [4,3,5,2,6,1]
474550184 [7,5,2,6,9,4,1,3,8]
474595686 [12,9,13,3,2,10,16,5,17,7,4,11,1,6,8,14,15]
475208554 [6,8,12,9,11,2,10,13,4,16,15,1,5,14,7,3]
476442976 [22,2,8,19,5,12,23,3,20,7,6,16,13,11,14,17,18,15,4,1,21,9,10]
476848553 [9,5,1,8,2,3,6,7,4]
477259225 [3,5,2,1,4]
478200493 [7,6,2,1,3,4,8,5]
478259851 [1,5,4,3,2]
478817669 [2,7,5,9,1,4,3,6,8]
479012879 [6,7,1,5,3,9,10,8,2,4]
479051446 [1,4,3,5,2]
479094845 [6,12,1,11,5,7,3,13,2,10,9,4,8]
479804030 [1,3,4,5,2]
479807150 [2,6,8,15,11,10,9,5,13,12,3,14,4,7,1]
479863703 [13,7,11,1,10,14,3,8,4,6,12,5,9,15,2]
479952682 [4,1,14,13,9,7,11,5,3,10,2,8,6,15,12]
480135268 [1,2,7,5,8,9,6,3,4]
480163084 [1,6,3,5,2,7,8,4]
481019523 [5,4,1,2,3]
482199021 [3,6,9,1,2,4,7,8,5]
482619614 [2,5,4,1,3,6]
482629341 [3,6,4,7,2,1,5]
482725848 [24,17,20,12,22,11,19,23,5,13,25,4,10,7,21,6,16,15,18,8,1,3,2,9,14]
482774331 [15,4,1,3,12,14,8,6,7,10,5,9,11,13,2]
482968057 [4,5,1,3,2]
483235282 [5,2,3,4,1,6]
483720606 [3,5,1,2,6,4]
484158400 [3,5,6,2,4,1]
484232934 [2,3,6,4,1,5,8,9,7]
484681327 [8,14,13,15,4,11,5,17,9,2,16,19,7,10,12,18,1,6,3]
484909763 [1,4,3,5,2,7,6]
484927911 [2,5,3,1,4]
484930564 [3,5,4,1,7,6,2]
485242060 [4,3,1,6,8,7,2,5]
485741374 [17,16,7,15,2,10,1,8,11,3,12,14,4,13,9,6,5]
485856188 [2,3,6,1,5,4]
486113476 [2,4,3,5,1,6]
486285606 [5,20,43,1,25,2,19,35,13,10,36,33,18,38,42,31,7,21,40,27,37,41,45,4,24,6,17,32,12,28,14,29,8,34,9,44,15,11,22,30,3,26,16,39,23]
486286409 [7,13,10,18,11,6,14,5,16,2,9,17,4,1,3,8,12,15]
487118428 [8,10,5,7,1,9,11,3,4,2,6]
487120096 [13,8,6,3,9,24,4,5,18,2,7,22,16,23,11,1,21,19,17,12,14,15,10,20]
487664483 [3,11,13,21,23,8,6,16,27,19,20,12,15,10,17,18,28,7,5,1,25,22,9,2,24,4,26,14]
487696672 [9,5,1,8,7,2,6,4,3]
487868138 [3,1,4,2,9,7,8,6,5]
488120286 [4,3,1,5,2]
488218971 [2,11,13,9,8,3,6,7,14,4,5,1,10,12]
488234515 [2,1,5,3,4,6]
488274784 [8,2,7,5,9,4,1,10,11,6,3]
488466731 [2,1,6,3,4,7,5]
488489121 [5,6,7,12,2,13,15,3,16,14,8,10,4,11,9,1]
488586475 [5,1,21,18,7,10,12,14,2,20,13,19,6,15,17,9,8,11,4,3,16]
488758944 [9,5,8,7,6,3,4,1,2]
489223896 [6,3,7,1,4,2,5]
489227487 [1,9,2,5,8,3,4,6,7]
489231075 [13,15,11,20,4,9,6,3,14,16,23,17,18,2,12,7,21,5,19,8,1,10,22]
489243569 [6,5,7,4,2,1,3]
489246302 [1,6,4,5,2,7,3]
489271286 [3,4,1,6,5,8,7,2]
489505464 [23,16,10,4,7,1,14,9,17,6,8,2,21,19,5,11,20,15,22,12,18,13,3]
489507959 [2,3,4,1,5]
489643098 [6,7,4,2,3,5,1,9,8]
489679765 [6,3,4,7,8,2,9,1,10,5]
489708640 [1,2,12,10,13,9,8,4,11,3,5,7,6]
489711479 [2,3,7,8,6,5,4,1]
489794831 [7,2,6,1,5,4,3]
489994934 [3,4,5,2,6,1]
489999001 [26,21,25,37,3,10,32,28,16,12,13,14,17,38,18,23,30,35,4,15,2,27,20,24,29,9,11,1,34,7,36,5,8,33,19,22,31,6]
490008966 [3,5,2,1,4,6]
490273278 [4,2,1,3,6,8,5,9,7]
490281322 [10,5,7,2,1,8,9,6,3,4]
490289042 [4,5,7,3,6,2,1]
490295841 [3,4,5,2,6,1]
490295866 [9,11,4,8,15,13,21,23,28,14,20,5,24,25,6,12,18,17,16,10,1,22,19,7,3,27,2,26]
490350021 [5,1,3,4,2]
490787166 [8,4,3,7,1,5,2,6]
490839736 [19,11,16,22,3,23,18,15,14,5,21,17,1,24,9,10,4,7,8,20,2,13,6,12]
491323739 [3,5,6,1,2,4]
491323743 [4,2,9,1,6,7,8,5,3]
491410433 [5,6,1,4,2,7,3]
491492910 [5,6,3,2,4,1]
492437016 [4,3,5,1,2]
492680870 [20,23,3,18,15,12,22,8,21,14,10,13,19,4,9,11,1,7,6,16,2,17,5]
492751755 [1,5,4,6,3,2]
492983563 [13,46,10,7,56,17,38,59,14,53,6,48,21,47,43,58,35,2,26,25,27,30,34,41,29,55,4,39,19,49,45,15,23,42,28,20,5,8,31,50,54,11,12,51,24,52,36,40,18,57,44,1,22,32,3,9,33,37,16]
493856748 [5,1,3,2,4]
493857082 [1,10,17,14,7,2,11,6,13,9,5,4,12,16,18,3,8,15]
494540447 [3,6,1,5,4,2]
494664691 [17,20,2,12,14,1,15,5,10,11,18,13,21,6,19,8,7,3,9,4,16]
496183277 [2,9,1,8,5,4,3,6,7]
496691443 [5,12,10,19,8,6,13,14,7,9,4,2,21,17,1,20,3,11,16,18,15]
496982175 [3,18,25,4,24,11,12,1,6,16,15,13,14,21,7,17,23,2,9,5,20,19,10,22,8]
497245483 [4,2,1,7,6,3,5]
497777748 [5,1,10,9,6,4,8,2,3,7]
497993054 [2,4,5,3,1]
498038276 [9,5,6,8,11,12,1,10,2,3,4,7]
498490881 [4,14,17,9,18,3,15,10,8,13,6,7,1,19,16,12,2,5,11]
498609385 [4,3,5,1,2]
499065309 [6,2,3,11,9,4,1,8,10,7,5]
499067522 [1,6,4,3,5,2,8,7]
499182769 [4,7,3,9,1,2,5,6,8]
499637612 [7,4,5,3,2,1,6]
499865432 [5,4,3,2,1]
500376803 [4,2,1,7,5,6,3]
500486269 [12,5,3,10,8,11,6,2,4,9,1,7]
500638168 [25,12,15,16,14,18,28,5,22,27,10,8,13,4,26,3,11,2,29,7,24,1,21,9,20,6,23,19,17]
500644710 [4,5,2,1,6,3]
500644863 [3,2,7,6,1,5,4]
501166068 [4,1,6,3,5,2]
501248677 [4,1,3,2,5]
501259614 [18,17,13,4,20,25,5,1,7,24,11,19,14,9,15,2,21,6,10,3,16,23,12,8,22]
501587856 [8,2,3,6,7,5,9,1,4]
502501892 [11,12,7,6,10,13,8,14,15,9,1,5,4,2,16,3]
502651544 [3,12,9,8,2,13,10,4,6,7,5,1,14,11]
502665645 [4,7,6,16,9,3,11,18,12,2,8,14,5,10,17,15,13,1]
502674296 [6,16,15,11,10,8,13,2,4,3,1,20,19,12,9,18,7,17,5,14]
502890600 [1,6,2,5,4,3]
502896866 [8,9,12,1,4,7,5,10,6,3,11,2]
503178025 [4,7,6,3,1,2,5]
503194723 [6,2,3,1,4,5]
503232779 [3,4,5,1,2]
503439121 [5,3,9,8,1,10,4,7,11,2,6]
503807101 [8,5,9,1,3,2,4,7,6]
503821061 [10,3,17,8,15,6,9,5,13,18,4,16,1,11,7,2,14,12]
503851648 [7,1,9,3,8,4,6,5,2,10,11]
504537051 [5,2,1,6,3,4]
504948491 [15,10,11,1,13,20,16,22,9,19,12,25,4,21,7,24,6,8,26,23,18,5,14,2,17,27,3]
505017786 [5,4,2,1,3]
505337491 [5,10,8,14,16,7,2,3,13,12,4,9,11,15,1,6]
505589396 [10,11,4,2,9,6,3,5,8,1,7]
505605559 [3,1,4,5,2]
505786160 [8,9,16,14,5,2,3,13,6,7,1,11,10,12,15,4]
505933311 [1,11,8,2,3,7,12,6,14,10,5,4,9,13]
506001109 [4,6,1,3,2,5]
506634973 [12,11,8,13,9,4,7,1,6,14,5,15,10,2,3]
506640294 [3,1,6,5,4,7,8,2]
506712013 [5,3,4,1,2,7,6]
507027488 [6,8,4,7,3,9,5,1,2]
507031205 [25,12,29,38,20,23,26,16,35,6,17,37,21,18,31,2,27,1,24,13,3,5,14,7,34,11,28,33,40,9,8,30,32,4,10,19,39,22,15,36]
507054591 [2,3,15,14,18,9,20,1,17,16,13,6,19,10,8,21,12,7,5,4,11]
507272520 [29,36,23,5,31,9,15,37,22,4,27,35,28,16,13,10,30,19,24,1,32,25,34,21,14,7,17,3,6,20,33,18,12,26,8,11,2,38]
507292154 [13,8,7,24,18,9,22,5,15,25,21,14,20,12,2,26,1,19,17,10,23,11,6,3,4,16]
507484820 [6,14,21,2,16,15,23,11,8,10,12,4,19,1,7,3,18,20,22,13,9,17,5]
508003294 [1,5,3,2,6,4]
508011402 [4,3,1,2,5]
508018927 [14,4,3,10,7,2,8,1,6,5,9,11,12,13]
508267395 [1,3,2,4,5]
508275116 [2,23,9,21,25,19,30,29,27,12,6,3,7,8,5,14,11,16,4,1,20,15,10,28,26,31,22,18,24,17,13]
508962567 [6,7,2,5,4,3,1]
508981970 [17,9,8,7,12,3,16,11,2,4,13,15,14,10,5,6,1]
508993534 [4,5,2,1,3]
508998747 [5,1,2,3,4]
509380055 [6,3,1,2,4,5]
509691857 [12,1,4,11,6,14,9,8,13,7,5,3,10,2]
509924608 [1,7,4,6,9,3,5,8,2]
509960671 [8,5,6,1,9,2,7,4,3]
510087045 [4,5,1,3,2]
510116650 [3,6,2,5,1,4]
510307044 [7,9,1,3,5,6,8,4,11,10,2]
510311244 [6,3,4,5,2,1,7]
510315203 [2,5,1,11,9,8,3,10,4,6,7]
511405541 [6,1,3,2,4,5]
511419636 [6,5,8,4,7,3,2,1,10,9]
511421774 [5,3,4,6,7,2,1,8]
512978976 [5,2,4,6,3,1]
513018069 [1,3,2,7,9,8,6,11,4,10,5]
513645135 [1,7,3,5,6,2,8,9,4]
514080767 [2,4,5,3,1]
514091929 [3,8,7,11,1,2,5,9,10,4,6,12]
514522791 [5,1,6,7,4,2,3,8]
514537603 [8,6,3,5,1,2,4,7]
515628124 [23,16,4,10,14,11,8,7,1,9,20,22,18,21,17,15,19,3,12,6,13,24,2,5,25]
515691689 [2,4,7,1,5,6,3]
516023636 [1,9,10,2,8,6,5,7,4,3]
516089710 [7,8,4,6,2,3,5,1]
516093906 [3,1,7,6,2,4,5]
516093910 [4,6,1,2,3,5]
516510742 [4,1,7,6,3,2,5]
516592878 [1,5,3,4,2]
516607990 [1,5,4,2,3]
516940602 [6,13,4,11,19,5,17,12,14,8,16,7,10,1,18,3,2,9,15]
517071327 [2,7,6,5,8,3,1,4]
517325911 [5,2,4,6,1,3]
517444884 [8,9,2,7,11,10,4,5,3,13,1,12,6]
517946924 [2,6,3,5,7,1,4]
517952412 [3,4,1,7,6,2,5]
518031079 [7,1,3,2,4,5,6]
518915948 [1,13,7,12,6,2,11,9,10,3,14,4,5,8]
519196537 [3,4,1,5,2]
519242545 [1,12,5,11,14,6,9,4,13,2,7,8,3,10]
519499508 [3,4,6,2,5,1]
519506174 [2,5,4,6,8,1,7,3]
519589648 [2,8,4,11,6,14,12,3,13,9,5,7,1,15,10]
519589650 [8,3,12,7,9,4,2,6,1,5,10,11]
519889223 [5,1,6,2,3,4]
519900057 [1,2,5,4,3]
519900356 [4,2,7,8,6,5,1,3]
520939818 [5,3,1,4,2]
521268180 [7,10,12,6,4,9,2,3,11,5,8,1]
521365245 [4,2,3,1,5]
521844410 [3,4,5,1,2]
522437744 [6,7,1,4,5,3,8,2]
523288327 [12,9,17,7,15,5,3,2,6,18,4,8,10,14,1,16,13,11]
523772740 [39,64,58,4,3,26,62,14,44,24,17,37,48,7,8,6,20,46,54,12,22,2,52,63,45,21,18,1,34,27,55,50,33,59,30,43,47,28,60,42,57,35,40,13,56,19,31,9,29,25,61,23,32,38,16,49,36,41,11,53,5,51,10,15]
523774352 [10,9,13,3,6,2,12,15,1,5,19,8,4,16,14,18,7,17,11]
524329031 [1,2,3,6,4,5]
524826509 [2,6,10,13,5,9,8,11,14,1,3,4,12,7]
525060631 [5,21,16,13,11,2,22,20,15,19,14,6,9,7,1,18,17,23,12,3,4,8,10]
525228264 [5,10,12,8,1,4,11,14,2,15,6,13,9,3,7]
525251656 [3,7,4,1,5,2,6]
525426570 [2,4,3,5,1]
525720603 [2,4,5,3,1]
525720961 [10,2,9,12,6,7,11,5,13,17,15,8,3,14,16,4,1]
525777441 [13,16,3,7,6,1,17,9,15,18,12,19,5,10,4,2,11,14,8]
525873088 [7,13,9,2,5,10,3,11,4,12,1,6,8]
525975091 [1,6,5,2,4,3]
526061186 [5,2,6,4,1,3]
526063543 [15,11,3,13,9,2,8,6,14,20,7,10,4,17,5,18,21,19,12,1,16]
526233882 [14,8,6,9,5,2,13,4,10,7,11,12,1,3,15]
526334725 [1,7,10,5,9,4,3,6,2,8,11]
526337557 [14,9,13,2,6,10,4,11,1,15,7,12,8,5,3]
526354712 [13,1,3,19,23,25,31,6,7,21,22,14,24,29,16,11,8,10,27,30,15,12,2,17,5,18,28,9,20,4,26]
526363582 [2,1,12,16,15,13,5,3,8,14,4,9,6,7,10,11]
526368388 [6,2,1,5,3,4]
527078922 [4,1,2,5,3]
527132699 [10,6,8,3,7,5,4,2,1,9]
527132705 [5,2,4,1,3]
527133425 [6,3,5,4,2,1,7]
527144703 [12,8,4,9,7,6,11,1,2,10,5,3]
527460036 [16,7,14,27,5,1,11,19,9,20,4,10,17,21,8,15,3,22,28,24,13,6,26,18,12,2,25,23]
527461665 [3,2,1,4,5]
527492724 [5,3,4,2,7,6,1]
527522923 [6,2,5,7,4,1,3]
527931769 [11,9,14,4,6,3,2,15,8,7,5,10,13,12,1]
528201281 [7,16,18,8,19,14,13,11,9,15,1,17,10,21,20,5,4,6,3,2,12]
528285945 [3,4,1,5,2]
528298595 [1,3,2,4,5]
528321331 [2,4,5,3,1]
528944888 [17,10,23,25,24,15,6,2,11,3,21,22,27,9,19,8,14,4,16,1,18,7,13,20,12,5,26]
528957562 [6,3,2,5,8,4,9,1,7]
529008639 [4,2,3,1,5]
529347583 [4,5,2,1,6,3]
529351636 [4,8,5,1,2,3,10,7,9,6]
529440942 [27,24,30,25,10,3,16,8,2,5,19,23,12,7,26,11,21,13,28,20,1,6,22,9,17,15,29,14,4,18]
529610690 [1,2,3,4,5]
530081557 [17,27,3,22,7,9,8,10,28,25,2,30,4,21,29,11,18,16,15,19,20,12,26,5,14,23,1,6,24,13]
530147386 [17,16,2,18,5,3,8,1,6,19,12,4,9,15,11,10,14,13,7]
530151937 [1,6,7,4,5,2,3]
530170986 [9,3,6,10,2,4,8,11,1,5,7]
530571042 [7,5,9,2,1,8,3,6,4]
530582484 [5,7,4,1,3,6,2,8,9]
530928826 [2,1,6,4,5,3]
530932240 [11,8,4,5,9,6,7,10,3,1,2]
530948910 [5,8,15,14,9,12,11,6,19,18,10,3,1,16,4,2,7,13,17]
531068617 [6,1,5,8,2,4,9,3,7]
531131134 [24,3,22,23,26,14,18,7,21,2,20,15,12,9,6,19,5,10,17,4,16,8,25,11,1,13]
531191334 [24,10,16,7,6,2,28,17,1,9,23,21,22,8,13,5,12,4,3,25,14,15,18,11,27,26,20,19]
531602322 [4,1,5,3,2]
531606975 [6,7,5,4,2,3,1]
531675546 [5,7,3,4,2,1,6]
531697079 [21,7,3,2,45,43,26,38,31,36,20,33,34,5,28,47,39,14,10,13,30,29,32,40,49,27,6,1,17,41,46,12,48,42,44,25,9,4,18,37,11,8,16,19,22,35,24,15,23]
531697084 [24,6,4,38,5,15,35,13,14,30,20,7,16,32,31,33,26,37,19,3,27,11,40,10,9,18,23,39,28,34,36,1,8,2,21,22,25,29,12,17]
531717491 [29,15,18,13,20,14,26,21,4,12,30,19,6,5,7,1,9,3,11,24,27,16,10,23,28,17,2,25,22,8]
533006929 [6,10,25,11,7,9,14,27,12,19,15,5,24,20,3,22,13,2,28,21,16,26,4,23,18,17,1,8,29]
533013249 [7,2,4,8,3,1,6,5]
533206323 [4,5,3,1,2,6]
533219328 [1,5,2,6,3,4]
533230284 [6,4,5,1,3,7,2]
533809935 [5,1,6,4,3,2]
534010307 [2,5,1,4,3,6]
535584068 [2,1,4,3,5]
536069289 [4,1,6,3,2,5]
536104691 [2,3,5,1,4]
537144760 [5,1,4,2,7,3,6]
537256811 [3,4,5,1,2]
538155109 [1,2,6,8,4,5,3,7]
538619714 [5,1,3,4,2]
538908722 [7,1,6,5,2,3,8,4]
539216390 [1,4,2,5,3]
540863253 [3,4,6,5,7,1,2]
540897984 [5,6,7,1,3,4,2]
540973618 [1,3,2,4,5]
541794524 [5,2,3,4,6,1]
541990843 [10,1,4,11,3,5,7,9,8,6,2,12]
541995603 [30,16,29,24,3,36,9,4,32,23,33,5,39,26,6,21,37,20,31,22,10,28,13,18,12,27,34,14,40,2,25,8,17,19,35,38,7,15,1,11]
542046548 [2,13,10,12,16,4,6,7,5,1,11,8,9,3,14,15]
542206332 [1,5,2,4,3]
542217016 [1,5,6,4,2,7,3]
542819440 [67,58,28,12,43,41,69,54,50,24,13,48,46,63,52,66,40,32,19,49,9,61,14,35,5,26,27,60,64,68,71,51,44,23,65,42,33,57,17,4,70,10,37,15,3,38,22,39,45,53,1,34,62,29,25,18,7,30,56,75,16,74,47,36,59,8,2,21,31,72,73,6,55,20,11]
542928599 [1,6,4,3,5,2]
543216230 [5,3,4,1,2]
543931718 [1,2,5,4,3,6]
543998827 [1,3,7,4,8,6,2,5]
544009965 [3,9,7,16,17,11,13,15,4,12,8,6,14,2,10,1,5]
544023601 [4,8,6,1,5,3,7,2]
544040893 [6,11,3,7,10,4,1,9,2,5,8]
544102650 [5,4,2,6,3,1]
544406041 [4,1,5,3,2,6]
544922928 [6,4,1,2,5,3]
546816868 [3,29,9,13,10,1,14,32,34,40,20,24,18,2,11,39,28,27,26,7,5,33,37,30,21,6,17,12,8,36,22,4,23,31,15,38,19,16,35,25]
547029810 [17,7,15,14,18,9,12,16,11,3,13,6,10,8,1,4,5,2]
547038469 [7,5,6,1,4,3,2]
547109912 [2,3,4,1,5,6]
547197743 [6,8,9,1,3,2,7,5,10,4]
547419136 [6,2,8,9,3,10,1,11,4,7,5]
547929384 [4,5,2,6,7,1,3,8,9]
547987181 [11,7,5,2,9,4,10,12,8,3,1,13,6]
548012696 [5,2,4,1,6,3]
548032049 [6,5,3,1,4,2]
548064280 [6,2,3,15,1,22,9,16,4,10,20,5,12,14,13,11,18,8,19,21,17,7]
548065829 [7,3,1,9,2,4,6,8,5]
548136258 [3,4,1,5,2]
548428420 [2,9,7,4,6,1,3,5,8]
548490469 [7,8,2,4,9,1,5,3,6]
548513281 [5,6,1,8,4,2,3,7]
548513431 [8,5,11,6,9,14,2,13,3,10,7,17,4,12,1,16,15,18]
548545459 [2,8,3,6,9,7,5,10,1,4]
548822160 [11,12,8,13,4,1,2,6,10,3,5,7,9]
548971743 [5,7,4,2,9,1,14,6,10,3,8,13,12,11]
548973678 [2,5,3,1,4,6]
549195702 [2,1,3,5,4]
549966019 [6,1,7,3,2,4,5]
549967153 [3,5,4,6,2,1]
550047262 [5,1,9,7,6,3,2,4,8]
550047984 [3,6,2,5,1,4]
550070589 [1,6,11,9,2,8,12,3,7,4,10,5]
550110302 [5,6,4,2,1,3,8,7,9]
550260360 [1,9,6,11,13,19,18,21,16,15,5,4,22,12,3,14,23,7,2,10,17,20,8]
550329610 [8,5,9,12,3,7,6,1,11,10,2,4]
550702502 [4,6,3,8,7,1,9,5,2]
550729014 [10,5,3,1,12,13,4,15,14,16,9,7,11,8,2,6]
550961836 [4,1,6,2,3,5]
550972764 [6,1,7,4,11,3,5,2,9,10,12,8]
551252623 [8,2,12,9,1,10,5,3,11,4,6,7]
551683825 [6,2,9,1,12,11,5,3,8,7,4,10]
551857920 [6,20,18,16,1,14,4,7,10,3,21,8,9,15,17,2,22,19,11,5,13,12]
552154676 [1,4,2,8,7,10,3,5,9,6,11]
552436641 [3,2,4,1,5]
552593981 [5,1,3,4,2]
552704673 [24,17,2,21,11,12,13,4,18,1,19,26,3,27,20,5,15,14,22,28,25,16,6,10,8,7,9,23]
552750284 [3,6,5,2,1,4]
552759509 [15,14,7,12,5,1,9,8,4,11,2,10,6,3,13]
553028783 [6,3,4,5,1,2]
553161767 [4,2,3,1,5]
553170461 [4,6,1,3,5,2]
553677823 [4,1,9,8,2,11,10,3,5,7,6]
553934358 [4,7,1,3,2,5,8,6]
553940756 [3,2,4,1,5]
553995442 [3,1,2,5,4]
554648912 [4,1,5,2,3,6]
556217099 [6,4,2,5,1,3]
556274556 [17,14,10,8,13,1,4,15,2,6,3,11,12,5,7,16,9]
556327143 [9,21,16,3,18,1,15,17,10,19,11,4,20,6,5,12,13,2,22,7,14,8]
556477971 [2,9,8,4,3,1,7,5,6]
557159826 [3,4,5,1,2]
557204586 [4,5,6,2,3,1]
557784416 [7,5,6,2,8,9,3,1,4]
557785198 [4,5,1,8,7,2,3,6]
558135861 [4,1,7,2,8,3,6,5]
558629863 [7,1,5,2,3,6,4]
558704612 [6,10,1,3,8,9,5,4,11,2,7]
559585510 [1,5,14,4,2,13,10,3,7,12,9,11,8,6]
559589054 [8,13,2,3,5,22,11,19,17,1,18,12,9,15,4,6,14,21,10,16,7,20]
559594408 [5,1,2,3,4]
560050173 [5,4,7,3,6,2,8,1]
560909640 [4,3,5,1,2]
561600090 [2,17,1,5,11,13,3,4,6,15,10,14,8,12,9,18,7,16]
561998954 [8,4,9,3,5,6,10,7,1,2,11]
562005625 [5,9,1,4,7,10,3,6,2,8,11]
562012657 [55,66,72,39,9,22,19,36,53,1,61,34,14,40,44,7,76,48,77,79,69,11,24,54,68,23,41,71,56,50,21,25,57,26,18,47,35,17,49,6,31,2,75,15,60,29,51,62,63,78,37,32,64,67,65,8,27,5,30,46,43,16,52,45,20,74,58,13,3,28,70,59,38,4,73,10,42,33,12]
562078528 [5,10,8,7,6,1,9,12,4,2,3,11]
562130753 [2,5,3,6,4,1]
562131533 [2,5,4,3,1]
562692300 [2,5,3,1,4]
563165880 [5,1,6,2,4,3]
563606845 [3,6,2,5,1,8,10,4,7,9]
563899136 [2,40,4,14,6,41,31,37,3,32,11,1,19,5,36,9,16,26,13,25,23,7,17,33,24,30,8,42,34,39,35,22,12,38,20,15,28,27,10,29,21,18]
563916779 [6,7,5,3,4,1,2]
564555483 [8,2,5,1,7,4,9,6,3]
564959345 [3,2,5,1,4]
564974551 [15,27,34,24,1,29,17,10,35,30,37,26,6,32,31,18,28,20,3,14,25,12,33,36,13,5,7,38,2,19,9,23,22,11,8,21,4,16]
565062634 [5,3,1,6,4,2]
565089324 [3,13,9,2,5,17,14,8,4,1,11,12,6,16,10,15,7]
565613771 [9,2,6,10,3,8,13,1,5,12,11,4,7]
565732467 [11,16,5,4,15,1,3,6,9,12,14,7,13,8,2,10]
565841354 [6,28,17,11,22,7,1,5,16,25,24,13,14,8,9,21,12,3,23,19,27,18,29,2,10,15,26,4,20]
566465664 [2,1,7,6,5,4,3]
566487914 [6,9,7,2,5,4,3,8,1]
566501190 [6,3,4,2,1,7,5]
566516026 [2,14,4,7,17,6,10,15,12,13,8,11,20,16,21,9,22,1,3,19,5,18]
566572485 [4,6,3,5,2,1]
566574517 [11,14,7,13,22,15,1,24,5,2,10,17,21,25,23,19,20,18,12,4,9,16,6,8,3]
566654261 [2,5,7,4,6,1,3]
566734749 [6,3,12,1,4,10,8,2,15,14,5,11,13,7,9]
566891161 [14,6,3,9,5,16,2,19,12,21,17,20,8,11,7,18,10,4,1,15,13]
566906836 [5,4,2,3,1]
566924105 [4,1,2,3,5]
567044429 [3,2,5,4,1]
567588738 [14,18,2,8,12,3,16,11,1,6,19,9,10,13,15,7,4,17,5]
567643766 [5,9,7,6,10,11,4,3,1,8,2,12]
567647697 [8,5,1,2,6,3,7,4]
567741055 [6,8,2,3,11,10,9,4,12,1,5,7]
567749475 [2,4,8,6,7,1,5,3]
567796163 [3,11,15,14,9,16,10,6,7,5,1,12,8,2,13,4]
567805437 [3,5,1,4,6,2]
567876081 [5,4,9,8,10,7,3,6,1,2]
568427968 [1,3,5,2,4,7,6]
568428000 [2,4,5,3,1]
568555028 [13,12,7,25,16,11,19,14,22,6,2,9,5,29,3,23,31,21,17,15,8,20,26,1,27,10,30,4,24,28,18]
568574245 [6,5,9,1,2,8,4,7,3]
568577638 [8,4,1,9,3,7,6,10,2,5]
568647075 [1,2,4,5,8,3,7,6]
568724391 [10,6,8,9,4,1,7,3,5,2,11]
568730338 [5,1,2,3,4]
568824308 [2,8,15,11,10,3,7,6,1,13,5,12,14,9,4]
568874555 [18,28,12,7,23,14,35,30,11,9,3,5,19,20,22,21,4,16,29,15,6,24,31,25,13,17,10,34,2,27,8,32,33,36,1,26]
568893478 [3,1,2,5,6,4]
569411824 [1,6,4,2,7,5,3]
569451548 [1,4,2,5,3]
569500877 [5,6,3,2,4,1]
569539639 [4,3,2,6,5,8,1,7]
570035487 [20,9,10,2,4,22,16,25,26,23,27,12,13,24,7,5,21,1,6,15,11,18,3,17,8,14,19]
570129109 [2,1,10,8,9,5,7,6,3,11,4]
570133993 [10,7,11,6,4,8,2,1,5,3,9]
570221308 [1,10,9,8,7,5,3,4,6,2]
570510618 [6,4,3,2,1,5]
570747690 [1,6,9,2,8,5,7,3,4]
571036166 [2,8,6,12,3,5,13,9,4,1,7,14,10,11]
571175787 [8,6,15,3,2,7,4,1,10,14,5,9,13,11,12]
571540559 [3,5,1,4,7,2,6]
571630890 [7,2,8,1,3,4,5,6]
571651796 [7,5,8,3,6,4,2,9,1]
571826299 [6,7,4,3,8,2,9,5,10,1]
572326412 [9,6,7,2,3,8,10,5,11,4,1]
573015187 [7,1,6,3,2,5,4]
573083514 [2,5,6,7,4,11,10,9,1,8,3]
573284871 [21,14,27,9,44,29,46,28,23,38,13,16,31,45,47,26,41,15,40,4,8,11,5,32,43,30,19,20,10,34,12,6,3,36,18,22,2,33,37,24,17,1,42,7,35,25,39]
573619001 [1,4,7,10,9,2,12,8,5,6,11,3]
573660669 [7,6,3,1,2,4,5]
573742895 [5,10,23,18,7,9,19,13,24,6,22,1,14,11,12,17,3,21,20,2,16,4,25,15,8]
574448930 [3,1,4,2,8,12,11,5,13,15,7,14,16,6,10,9]
574452679 [6,7,1,11,3,12,9,2,5,4,10,8]
574772122 [11,5,12,18,3,15,13,2,8,19,16,10,4,7,1,14,6,20,17,9]
575240820 [3,1,5,2,4]
576567870 [2,1,6,4,5,7,3]
576710264 [1,6,9,7,3,8,4,2,5]
578590504 [1,5,3,6,7,2,4]
578635101 [1,5,4,2,3]
579245029 [2,8,4,9,3,6,1,5,7]
